Sample	0	1	2	3	4	5	6	7	8	9	10	11	12	13	14	15	16	17	18	19	20	21	22	23	24	25	26	27	28	29	30	31	32	33	34	35	36	37	38
NIST7035_L001_R1	(16.0, 35.0)	(17.0, 435.0)	(18.0, 2877.0)	(19.0, 8430.0)	(20.0, 13300.0)	(21.0, 18025.0)	(22.0, 23513.0)	(23.0, 31454.0)	(24.0, 42774.0)	(25.0, 58587.0)	(26.0, 80995.0)	(27.0, 112994.0)	(28.0, 156939.0)	(29.0, 212703.0)	(30.0, 283462.0)	(31.0, 373283.0)	(32.0, 488445.0)	(33.0, 648592.0)	(34.0, 907190.0)	(35.0, 1389215.0)	(36.0, 2512021.0)	(37.0, 4372486.0)	(38.0, 5068730.0)	(39.0, 2231838.0)	(40.0, 58431.0)														
NIST7035_L001_R2	(14.0, 1.0)	(15.0, 47.0)	(16.0, 1352.0)	(17.0, 8456.0)	(18.0, 24018.0)	(19.0, 40449.0)	(20.0, 50980.0)	(21.0, 60328.0)	(22.0, 71865.0)	(23.0, 87355.0)	(24.0, 107697.0)	(25.0, 132784.0)	(26.0, 163410.0)	(27.0, 201445.0)	(28.0, 247489.0)	(29.0, 302091.0)	(30.0, 373156.0)	(31.0, 464835.0)	(32.0, 587628.0)	(33.0, 759179.0)	(34.0, 1030528.0)	(35.0, 1496456.0)	(36.0, 2452254.0)	(37.0, 3870187.0)	(38.0, 4446506.0)	(39.0, 2061809.0)	(40.0, 54449.0)												
NIST7035_L002_R1	(15.0, 1.0)	(16.0, 31.0)	(17.0, 466.0)	(18.0, 3034.0)	(19.0, 8917.0)	(20.0, 13868.0)	(21.0, 18882.0)	(22.0, 24782.0)	(23.0, 33384.0)	(24.0, 45845.0)	(25.0, 62713.0)	(26.0, 87356.0)	(27.0, 120945.0)	(28.0, 167762.0)	(29.0, 225351.0)	(30.0, 300756.0)	(31.0, 395935.0)	(32.0, 519517.0)	(33.0, 690235.0)	(34.0, 960676.0)	(35.0, 1457026.0)	(36.0, 2580331.0)	(37.0, 4380354.0)	(38.0, 5044046.0)	(39.0, 2238455.0)	(40.0, 57586.0)													
NIST7035_L002_R2	(14.0, 3.0)	(15.0, 46.0)	(16.0, 1312.0)	(17.0, 8612.0)	(18.0, 24042.0)	(19.0, 40817.0)	(20.0, 52112.0)	(21.0, 61133.0)	(22.0, 72392.0)	(23.0, 89169.0)	(24.0, 110009.0)	(25.0, 136133.0)	(26.0, 169046.0)	(27.0, 207539.0)	(28.0, 256267.0)	(29.0, 315150.0)	(30.0, 390173.0)	(31.0, 484944.0)	(32.0, 614548.0)	(33.0, 797059.0)	(34.0, 1077000.0)	(35.0, 1555355.0)	(36.0, 2495714.0)	(37.0, 3878819.0)	(38.0, 4470827.0)	(39.0, 2076389.0)	(40.0, 53644.0)												
NIST7035_TAAGGCGA_L001_R1_001	(2.0, 22.0)	(3.0, 77.0)	(4.0, 175.0)	(5.0, 421.0)	(6.0, 1078.0)	(7.0, 2584.0)	(8.0, 5715.0)	(9.0, 8623.0)	(10.0, 11648.0)	(11.0, 14431.0)	(12.0, 16944.0)	(13.0, 19458.0)	(14.0, 21615.0)	(15.0, 23736.0)	(16.0, 25729.0)	(17.0, 28205.0)	(18.0, 30738.0)	(19.0, 34058.0)	(20.0, 37709.0)	(21.0, 42801.0)	(22.0, 49462.0)	(23.0, 60148.0)	(24.0, 76272.0)	(25.0, 99166.0)	(26.0, 129807.0)	(27.0, 169204.0)	(28.0, 219080.0)	(29.0, 278125.0)	(30.0, 350815.0)	(31.0, 437555.0)	(32.0, 550028.0)	(33.0, 707377.0)	(34.0, 968677.0)	(35.0, 1469349.0)	(36.0, 2667671.0)	(37.0, 4589860.0)	(38.0, 5087913.0)	(39.0, 1956531.0)	(40.0, 10195.0)
NIST7035_TAAGGCGA_L001_R2_001	(2.0, 172344.0)	(3.0, 43783.0)	(4.0, 38844.0)	(5.0, 35975.0)	(6.0, 36132.0)	(7.0, 37413.0)	(8.0, 40036.0)	(9.0, 44714.0)	(10.0, 48663.0)	(11.0, 51276.0)	(12.0, 54189.0)	(13.0, 56415.0)	(14.0, 59168.0)	(15.0, 60505.0)	(16.0, 61933.0)	(17.0, 64446.0)	(18.0, 67679.0)	(19.0, 70557.0)	(20.0, 73478.0)	(21.0, 78626.0)	(22.0, 87027.0)	(23.0, 99222.0)	(24.0, 117423.0)	(25.0, 142423.0)	(26.0, 173273.0)	(27.0, 211769.0)	(28.0, 257346.0)	(29.0, 312226.0)	(30.0, 384027.0)	(31.0, 476399.0)	(32.0, 600896.0)	(33.0, 776731.0)	(34.0, 1054889.0)	(35.0, 1538046.0)	(36.0, 2544517.0)	(37.0, 3996016.0)	(38.0, 4426043.0)	(39.0, 1797458.0)	(40.0, 11095.0)
NIST7035_TAAGGCGA_L002_R1_001	(2.0, 12.0)	(3.0, 91.0)	(4.0, 231.0)	(5.0, 480.0)	(6.0, 1146.0)	(7.0, 2803.0)	(8.0, 6105.0)	(9.0, 9200.0)	(10.0, 12383.0)	(11.0, 15753.0)	(12.0, 18778.0)	(13.0, 21324.0)	(14.0, 23346.0)	(15.0, 25733.0)	(16.0, 27504.0)	(17.0, 29814.0)	(18.0, 32462.0)	(19.0, 35608.0)	(20.0, 38913.0)	(21.0, 43946.0)	(22.0, 51448.0)	(23.0, 63314.0)	(24.0, 80876.0)	(25.0, 104726.0)	(26.0, 137711.0)	(27.0, 179274.0)	(28.0, 231780.0)	(29.0, 293242.0)	(30.0, 368807.0)	(31.0, 462439.0)	(32.0, 583711.0)	(33.0, 752764.0)	(34.0, 1027043.0)	(35.0, 1544343.0)	(36.0, 2739718.0)	(37.0, 4592008.0)	(38.0, 5057595.0)	(39.0, 1966286.0)	(40.0, 10693.0)
NIST7035_TAAGGCGA_L002_R2_001	(2.0, 172695.0)	(3.0, 45251.0)	(4.0, 39684.0)	(5.0, 37016.0)	(6.0, 37004.0)	(7.0, 38981.0)	(8.0, 41888.0)	(9.0, 46200.0)	(10.0, 50476.0)	(11.0, 53277.0)	(12.0, 56466.0)	(13.0, 58364.0)	(14.0, 60746.0)	(15.0, 62550.0)	(16.0, 64828.0)	(17.0, 67410.0)	(18.0, 69456.0)	(19.0, 72478.0)	(20.0, 75709.0)	(21.0, 80028.0)	(22.0, 87974.0)	(23.0, 101024.0)	(24.0, 120216.0)	(25.0, 146722.0)	(26.0, 179488.0)	(27.0, 218843.0)	(28.0, 268322.0)	(29.0, 327851.0)	(30.0, 403638.0)	(31.0, 499222.0)	(32.0, 631667.0)	(33.0, 816218.0)	(34.0, 1102691.0)	(35.0, 1599384.0)	(36.0, 2587997.0)	(37.0, 4000318.0)	(38.0, 4447447.0)	(39.0, 1812691.0)	(40.0, 11190.0)
NIST7086_CGTACTAG_L001_R1_001	(2.0, 17.0)	(3.0, 85.0)	(4.0, 211.0)	(5.0, 443.0)	(6.0, 1166.0)	(7.0, 2847.0)	(8.0, 6081.0)	(9.0, 9111.0)	(10.0, 12262.0)	(11.0, 15082.0)	(12.0, 17794.0)	(13.0, 20627.0)	(14.0, 22711.0)	(15.0, 25101.0)	(16.0, 27304.0)	(17.0, 29766.0)	(18.0, 32518.0)	(19.0, 35448.0)	(20.0, 39886.0)	(21.0, 45821.0)	(22.0, 52429.0)	(23.0, 63406.0)	(24.0, 79727.0)	(25.0, 103217.0)	(26.0, 135944.0)	(27.0, 176969.0)	(28.0, 228617.0)	(29.0, 290824.0)	(30.0, 365932.0)	(31.0, 457347.0)	(32.0, 576324.0)	(33.0, 743185.0)	(34.0, 1018576.0)	(35.0, 1555481.0)	(36.0, 2818662.0)	(37.0, 4853972.0)	(38.0, 5485326.0)	(39.0, 2172728.0)	(40.0, 12115.0)
NIST7086_CGTACTAG_L001_R2_001	(2.0, 189625.0)	(3.0, 47413.0)	(4.0, 41429.0)	(5.0, 38384.0)	(6.0, 38311.0)	(7.0, 39791.0)	(8.0, 42591.0)	(9.0, 46733.0)	(10.0, 51293.0)	(11.0, 54004.0)	(12.0, 57305.0)	(13.0, 60070.0)	(14.0, 62255.0)	(15.0, 63771.0)	(16.0, 65443.0)	(17.0, 68208.0)	(18.0, 70778.0)	(19.0, 74167.0)	(20.0, 78218.0)	(21.0, 83047.0)	(22.0, 91018.0)	(23.0, 104797.0)	(24.0, 123314.0)	(25.0, 150143.0)	(26.0, 181879.0)	(27.0, 223644.0)	(28.0, 270199.0)	(29.0, 330213.0)	(30.0, 403143.0)	(31.0, 500347.0)	(32.0, 631943.0)	(33.0, 818051.0)	(34.0, 1112697.0)	(35.0, 1625935.0)	(36.0, 2676009.0)	(37.0, 4224605.0)	(38.0, 4791779.0)	(39.0, 1989933.0)	(40.0, 12577.0)
NIST7086_CGTACTAG_L002_R1_001	(2.0, 26.0)	(3.0, 97.0)	(4.0, 225.0)	(5.0, 510.0)	(6.0, 1257.0)	(7.0, 3070.0)	(8.0, 6555.0)	(9.0, 9849.0)	(10.0, 13101.0)	(11.0, 16296.0)	(12.0, 19951.0)	(13.0, 22489.0)	(14.0, 24641.0)	(15.0, 26983.0)	(16.0, 29047.0)	(17.0, 31465.0)	(18.0, 34132.0)	(19.0, 37383.0)	(20.0, 41547.0)	(21.0, 46759.0)	(22.0, 54681.0)	(23.0, 65656.0)	(24.0, 84144.0)	(25.0, 109028.0)	(26.0, 142802.0)	(27.0, 186262.0)	(28.0, 241024.0)	(29.0, 307117.0)	(30.0, 387090.0)	(31.0, 483363.0)	(32.0, 610247.0)	(33.0, 788719.0)	(34.0, 1079316.0)	(35.0, 1630709.0)	(36.0, 2887994.0)	(37.0, 4840515.0)	(38.0, 5440220.0)	(39.0, 2178196.0)	(40.0, 12802.0)
NIST7086_CGTACTAG_L002_R2_001	(2.0, 191153.0)	(3.0, 48177.0)	(4.0, 42203.0)	(5.0, 39588.0)	(6.0, 38944.0)	(7.0, 40890.0)	(8.0, 43560.0)	(9.0, 48815.0)	(10.0, 53219.0)	(11.0, 55993.0)	(12.0, 58805.0)	(13.0, 61692.0)	(14.0, 64137.0)	(15.0, 65680.0)	(16.0, 68296.0)	(17.0, 71254.0)	(18.0, 73770.0)	(19.0, 76583.0)	(20.0, 79908.0)	(21.0, 83872.0)	(22.0, 92464.0)	(23.0, 106525.0)	(24.0, 127263.0)	(25.0, 154301.0)	(26.0, 187774.0)	(27.0, 229900.0)	(28.0, 282442.0)	(29.0, 345624.0)	(30.0, 422696.0)	(31.0, 524103.0)	(32.0, 664353.0)	(33.0, 857203.0)	(34.0, 1161766.0)	(35.0, 1685038.0)	(36.0, 2716560.0)	(37.0, 4219689.0)	(38.0, 4797890.0)	(39.0, 2000637.0)	(40.0, 12501.0)
NIST7086_L001_R1	(14.0, 1.0)	(15.0, 1.0)	(16.0, 34.0)	(17.0, 490.0)	(18.0, 3183.0)	(19.0, 8575.0)	(20.0, 14103.0)	(21.0, 19158.0)	(22.0, 25138.0)	(23.0, 33542.0)	(24.0, 45095.0)	(25.0, 61364.0)	(26.0, 84906.0)	(27.0, 118450.0)	(28.0, 163099.0)	(29.0, 221005.0)	(30.0, 295430.0)	(31.0, 388427.0)	(32.0, 511757.0)	(33.0, 680906.0)	(34.0, 955366.0)	(35.0, 1474182.0)	(36.0, 2670948.0)	(37.0, 4649760.0)	(38.0, 5439125.0)	(39.0, 2424243.0)	(40.0, 61101.0)												
NIST7086_L001_R2	(14.0, 1.0)	(15.0, 37.0)	(16.0, 1395.0)	(17.0, 9261.0)	(18.0, 25157.0)	(19.0, 42658.0)	(20.0, 54276.0)	(21.0, 64382.0)	(22.0, 75750.0)	(23.0, 92698.0)	(24.0, 113284.0)	(25.0, 140145.0)	(26.0, 171649.0)	(27.0, 213349.0)	(28.0, 260409.0)	(29.0, 319641.0)	(30.0, 392257.0)	(31.0, 488463.0)	(32.0, 618231.0)	(33.0, 801074.0)	(34.0, 1089662.0)	(35.0, 1587645.0)	(36.0, 2593521.0)	(37.0, 4107434.0)	(38.0, 4788440.0)	(39.0, 2239930.0)	(40.0, 58640.0)												
NIST7086_L002_R1	(15.0, 2.0)	(16.0, 47.0)	(17.0, 474.0)	(18.0, 3231.0)	(19.0, 9185.0)	(20.0, 14803.0)	(21.0, 19959.0)	(22.0, 26677.0)	(23.0, 35190.0)	(24.0, 48057.0)	(25.0, 65604.0)	(26.0, 90717.0)	(27.0, 125676.0)	(28.0, 173695.0)	(29.0, 235504.0)	(30.0, 314556.0)	(31.0, 412733.0)	(32.0, 542530.0)	(33.0, 722767.0)	(34.0, 1010248.0)	(35.0, 1544092.0)	(36.0, 2734450.0)	(37.0, 4641900.0)	(38.0, 5400580.0)	(39.0, 2426922.0)	(40.0, 60301.0)													
NIST7086_L002_R2	(15.0, 57.0)	(16.0, 1440.0)	(17.0, 9163.0)	(18.0, 25908.0)	(19.0, 42819.0)	(20.0, 54987.0)	(21.0, 64573.0)	(22.0, 76935.0)	(23.0, 94648.0)	(24.0, 116577.0)	(25.0, 144207.0)	(26.0, 176878.0)	(27.0, 218508.0)	(28.0, 270060.0)	(29.0, 332500.0)	(30.0, 408578.0)	(31.0, 508964.0)	(32.0, 647993.0)	(33.0, 838065.0)	(34.0, 1137279.0)	(35.0, 1644601.0)	(36.0, 2633906.0)	(37.0, 4105988.0)	(38.0, 4797989.0)	(39.0, 2249470.0)	(40.0, 57807.0)													
