Sample	0	1	2	3	4	5	6	7	8	9	10	11	12	13	14	15	16	17	18	19	20	21	22	23	24	25	26	27	28	29	30	31	32	33	34	35	36	37	38	39	40	41	42	43	44	45	46	47	48	49	50	51	52	53	54
NIST7035_L001_R1	(1, 0.0014505082905712668)	(2, 0.0008587846918905695)	(3, 0.0025763540756717084)	(4, 0.010038355209476962)	(5, 0.00033513548951827105)	(6, 0.0)	(7, 0.0)	(8, 0.0)	(9, 0.0)	(10, 0.0)	(12, 0.0)	(14, 0.0)	(16, 7.85473844689723e-06)	(18, 4.451018453241763e-05)	(20, 0.0)	(22, 0.0)	(24, 0.0)	(26, 1.0472991725289239e-05)	(28, 0.0001701871270300019)	(30, 0.0)	(32, 0.0)	(34, 0.0)	(36, 0.0001545250810444764)	(38, 0.0)	(40, 0.0)	(42, 0.0)	(44, 0.0)	(46, 0.0)	(48, 0.0)	(50, 5.259358561792637e-06)	(52, 0.0)	(54, 1.0544487270879495e-05)	(56, 0.0)	(58, 1.3228243580538429e-05)	(60, 1.5906238872260388e-05)	(62, 1.8598213832857268e-05)	(64, 5.3270489781401615e-06)	(66, 3.739926774370859e-05)	(68, 3.484143688873044e-05)	(70, 0.0)	(72, 0.0007800505920840411)	(74, 0.00018968312918415578)	(76, 7.348708264474349e-05)	(78, 0.0033833202258165217)	(80, 0.0002254409570133582)	(82, 0.0038945844076263866)	(84, 0.0005503716384488626)	(86, 8.949780961102994e-05)	(88, 0.0006335825621859172)	(90, 0.0017443634511439537)	(92, 3.4297009760900395e-05)	(94, 0.0005362930404358321)	(96, 0.0)	(98, 1.4693801455121281e-05)	(100, 0.0)
NIST7035_L001_R2	(1, 0.08079907192604566)	(2, 0.01803971502172568)	(3, 0.009320955802226912)	(4, 0.011923492338017237)	(5, 0.0071739940725004895)	(6, 0.0)	(7, 0.0)	(8, 0.0)	(9, 0.0)	(10, 7.06926423202603e-05)	(12, 2.6182460118614926e-06)	(14, 2.6182460118614922e-05)	(16, 0.0)	(18, 0.0)	(20, 5.236492297931486e-06)	(22, 4.189194715812623e-05)	(24, 0.0)	(26, 0.0)	(28, 7.854791095285162e-06)	(30, 2.6182888576387388e-06)	(32, 0.0)	(34, 0.0)	(36, 1.0476278876029372e-05)	(38, 0.0)	(40, 0.0)	(42, 0.0)	(44, 0.0)	(46, 2.624847801481291e-06)	(48, 0.0)	(50, 0.0)	(52, 1.579537284029867e-05)	(54, 0.0)	(56, 2.640615341536792e-06)	(58, 7.936953497759847e-06)	(60, 0.0)	(62, 2.656890090488097e-06)	(64, 0.0)	(66, 2.671380192351662e-06)	(68, 0.11351895632028769)	(70, 0.014385457375653131)	(72, 2.6991415137492785e-05)	(74, 0.006454656579481834)	(76, 0.0020494760390666602)	(78, 0.0005278749711993604)	(80, 0.0005278615933705643)	(82, 0.0)	(84, 0.00030020151026376456)	(86, 0.0004362984417824894)	(88, 0.0011854867474830723)	(90, 0.0)	(92, 0.0003315292616014521)	(94, 0.0013233907381216166)	(96, 0.00012515651112778183)	(98, 0.00015868734766381957)	(100, 0.211945841436265)
NIST7035_L002_R1	(1, 6.6878434657763e-05)	(2, 5.1444949736740755e-06)	(3, 0.0)	(4, 0.004558022546675231)	(5, 0.0)	(6, 0.0)	(7, 0.0)	(8, 0.0)	(9, 0.0)	(10, 0.0)	(12, 0.0)	(14, 0.0)	(16, 0.0)	(18, 0.018046891152912883)	(20, 0.0)	(22, 0.0)	(24, 0.0)	(26, 0.001044333688483955)	(28, 0.0044371567039380114)	(30, 0.009342570130753796)	(32, 6.431107545019103e-05)	(34, 5.145378687136561e-06)	(36, 0.0)	(38, 2.058971041061313e-05)	(40, 0.0)	(42, 0.0006258553356253547)	(44, 7.730929831916184e-06)	(46, 5.157891704544719e-06)	(48, 0.0)	(50, 0.0)	(52, 2.5868030208478735e-06)	(54, 0.00044813788347845146)	(56, 0.0)	(58, 1.5599302586379968e-05)	(60, 2.6053210138471246e-06)	(62, 0.0)	(64, 0.0)	(66, 0.0)	(68, 2.6342311328661136e-06)	(70, 0.0006952007175317276)	(72, 0.0018226809482429977)	(74, 0.0)	(76, 5.3508707766312705e-06)	(78, 0.00023659744694685378)	(80, 0.00010540398387600124)	(82, 0.001831451467133924)	(84, 0.0)	(86, 0.0)	(88, 0.0)	(90, 0.0)	(92, 8.711030012982807e-05)	(94, 0.0)	(96, 0.003090566651961674)	(98, 1.733578561504247e-05)	(100, 0.0987981738454639)
NIST7035_L002_R2	(1, 9.774540449980745e-05)	(2, 4.1155959789392604e-05)	(3, 0.00015433484921022227)	(4, 2.572247486837038e-05)	(5, 6.173393968408891e-05)	(6, 1.5433484921022227e-05)	(7, 0.0)	(8, 0.0)	(9, 5.1444949736740755e-06)	(10, 3.601146481571853e-05)	(12, 3.0866969842044455e-05)	(14, 7.716742460511114e-06)	(16, 0.0)	(18, 0.0)	(20, 0.0)	(22, 1.0288995240516581e-05)	(24, 0.0)	(26, 0.0)	(28, 0.0)	(30, 0.0)	(32, 0.0)	(34, 0.0)	(36, 0.0)	(38, 0.0)	(40, 0.0)	(42, 0.0)	(44, 0.0)	(46, 0.0)	(48, 0.0)	(50, 0.0)	(52, 0.0)	(54, 0.0)	(56, 0.0)	(58, 0.0)	(60, 0.0)	(62, 0.0)	(64, 0.0)	(66, 0.0)	(68, 0.13394810003066773)	(70, 0.08366731620826659)	(72, 0.0445243865865019)	(74, 0.0035399559543177876)	(76, 0.0)	(78, 0.00027154923300515846)	(80, 0.001651326492193077)	(82, 2.717277666023695e-06)	(84, 0.0001311672375720682)	(86, 9.898704358586505e-05)	(88, 4.983172794423498e-05)	(90, 0.00040712714550080023)	(92, 0.0)	(94, 0.0004223520496518203)	(96, 6.009194754739867e-05)	(98, 0.0)	(100, 0.047537492546470037)
NIST7035_TAAGGCGA_L001_R1_001	(1, 0.03094589606039736)	(2, 0.0009751026109882085)	(3, 0.003039152300237361)	(4, 0.01092411909873592)	(5, 0.0005890213741502377)	(6, 0.0007820619925692231)	(7, 0.0)	(8, 0.0)	(9, 0.0)	(10, 0.0)	(12, 0.0)	(14, 0.0)	(16, 8.909567003953174e-05)	(18, 6.929663225296915e-05)	(20, 0.0)	(22, 0.0)	(24, 0.0)	(26, 1.7324158063242286e-05)	(28, 0.00018314109952570417)	(30, 0.0)	(32, 0.0)	(34, 0.0)	(36, 0.00017819134007906348)	(38, 0.0)	(40, 0.0)	(42, 0.0)	(44, 0.0)	(46, 0.0)	(48, 0.0)	(50, 6.682175252964881e-05)	(52, 0.0)	(54, 0.0001385932645059383)	(56, 7.42463916996098e-05)	(58, 0.0005692223363636751)	(60, 0.0008612581437154735)	(62, 0.0013092113736364527)	(64, 0.0004949759446640652)	(66, 0.00023263869399211068)	(68, 0.0009058059787352395)	(70, 0.0003959807557312522)	(72, 0.004739394670158425)	(74, 0.001947730342253097)	(76, 0.0021630448781819653)	(78, 0.009335246316364272)	(80, 0.004185021612134672)	(82, 0.010481115628261583)	(84, 0.0042493684849410004)	(86, 0.004137998897391585)	(88, 0.003964757316759163)	(90, 0.004684947316245377)	(92, 0.0008142354289723873)	(94, 0.0016259959782214544)	(96, 0.00013611838478261795)	(98, 0.00022026429537550906)	(100, 0.001774488761620674)
NIST7035_TAAGGCGA_L001_R2_001	(1, 0.13063900107518675)	(2, 0.0559718798226125)	(3, 0.04494381577549713)	(4, 0.0501262139161299)	(5, 0.052279359275418574)	(6, 0.03085185063091119)	(7, 0.03448992382419207)	(8, 0.02963915956648423)	(9, 0.03125773090553572)	(10, 0.039380286157473035)	(12, 0.03443547647027902)	(14, 0.0371479446470381)	(16, 0.03222045911790733)	(18, 0.03045834475490326)	(20, 0.030928571902334123)	(22, 0.03445527550806558)	(24, 0.02139781008782754)	(26, 0.024328067680238808)	(28, 0.02766420554727461)	(30, 0.02504825767972502)	(32, 0.02245705860940864)	(34, 0.028406669464270704)	(36, 0.032727809461188)	(38, 0.02793396743711652)	(40, 0.02501113448387522)	(42, 0.025508585308262603)	(44, 0.01911102122347956)	(46, 0.02335543994897392)	(48, 0.023709347749408725)	(50, 0.025516009947432562)	(52, 0.033504921694310574)	(54, 0.027674105066167888)	(56, 0.03479928378960711)	(58, 0.0362470884277495)	(60, 0.03147057056174127)	(62, 0.02683759571968562)	(64, 0.019499577340040854)	(66, 0.02426372080743248)	(68, 0.17213530939609867)	(70, 0.09170419326791136)	(72, 0.060599904905221505)	(74, 0.11395831174000776)	(76, 0.108899657585541)	(78, 0.10465523886004663)	(80, 0.1030193433629319)	(82, 0.0935331293834451)	(84, 0.10306141631822835)	(86, 0.10120030676629146)	(88, 0.10400682037253672)	(90, 0.09612680333348479)	(92, 0.10063850906909776)	(94, 0.10035637278063922)	(96, 0.09916348075399883)	(98, 0.0969806368380303)	(100, 0.33621736017251297)
NIST7035_TAAGGCGA_L002_R1_001	(1, 0.030024167925564536)	(2, 0.0003933297108152559)	(3, 0.0)	(4, 0.01668980513669179)	(5, 5.8271068268926805e-05)	(6, 0.0)	(7, 0.0)	(8, 0.0)	(9, 0.0)	(10, 0.0)	(12, 0.0)	(14, 0.0)	(16, 0.0)	(18, 0.020751784187271558)	(20, 0.0)	(22, 0.0)	(24, 0.0)	(26, 0.004576706820288626)	(28, 0.007259603921837132)	(30, 0.01217379734584996)	(32, 0.0015004800079248652)	(34, 0.000390901749637384)	(36, 1.9423689422975604e-05)	(38, 0.0004588846626177986)	(40, 3.399145649020731e-05)	(42, 0.0006312699062467071)	(44, 7.283883533615851e-06)	(46, 3.641941766807926e-05)	(48, 2.4279611778719505e-06)	(50, 0.00013596582596082924)	(52, 0.00010197436947062191)	(54, 0.002408537488448975)	(56, 7.526679651403047e-05)	(58, 0.0016704372903759018)	(60, 0.00023065631189783526)	(62, 0.0011338578700662008)	(64, 0.0010148877723504754)	(66, 0.0)	(68, 0.0006701172850926583)	(70, 0.0022774275848438893)	(72, 0.00380947108808109)	(74, 0.0005632869932662925)	(76, 0.000636125828602451)	(78, 0.0015320435032372005)	(80, 0.0007623798098517924)	(82, 0.0038240388551483216)	(84, 0.0005414353426654449)	(86, 0.0003132069919454816)	(88, 1.9423689422975604e-05)	(90, 2.4279611778719503e-05)	(92, 0.0005997064109343717)	(94, 0.0008473584510773106)	(96, 0.005210404687713205)	(98, 1.4567767067231701e-05)	(100, 0.10173885723636833)
NIST7035_TAAGGCGA_L002_R2_001	(1, 0.03413713416087962)	(2, 0.03281146735776153)	(3, 0.03799273651134028)	(4, 0.03382149920775627)	(5, 0.03310767862146192)	(6, 0.032622086385887525)	(7, 0.027533079757067917)	(8, 0.032685213376512194)	(9, 0.034083719014966436)	(10, 0.036137774171446105)	(12, 0.03581728329596701)	(14, 0.03456931125054083)	(16, 0.032745912405959)	(18, 0.027057199366205015)	(20, 0.028166777624492493)	(22, 0.02908211898855022)	(24, 0.021960908853851793)	(26, 0.023099622646273733)	(28, 0.015568087072514945)	(30, 0.021506880113589734)	(32, 0.023883854106726374)	(34, 0.026306959362242577)	(36, 0.007793755380968961)	(38, 0.01294588900041324)	(40, 0.005598878476172717)	(42, 0.00994735694574138)	(44, 0.021892925940871374)	(46, 0.0215360156477242)	(48, 0.021353918559383803)	(50, 0.01559722260664941)	(52, 0.018318967087043864)	(54, 0.016337750765900355)	(56, 0.017896501842094147)	(58, 0.013375638128896574)	(60, 0.01130215928299393)	(62, 0.014827558913264)	(64, 0.021295647491114875)	(66, 0.018270407863486424)	(68, 0.22592664352334071)	(70, 0.2377435305760435)	(72, 0.19162926392472154)	(74, 0.078916022164372)	(76, 0.06665724617729653)	(78, 0.05995607332636994)	(80, 0.05886834671868331)	(82, 0.056819147484559386)	(84, 0.05002085618651792)	(86, 0.055359942816658333)	(88, 0.05161845464155767)	(90, 0.05261149076330729)	(92, 0.05238811833494307)	(94, 0.05665890204681984)	(96, 0.050151966090123005)	(98, 0.039022192050757985)	(100, 0.20898190246297238)
NIST7086_CGTACTAG_L001_R1_001	(1, 0.031033112419179477)	(2, 0.000961223143912936)	(3, 0.0029951155933519024)	(4, 0.011121398210973342)	(5, 0.0006315282491408662)	(6, 0.0007476180008211725)	(7, 0.0)	(8, 0.0)	(9, 0.0)	(10, 0.0)	(12, 0.0)	(14, 0.0)	(16, 9.287180134424503e-05)	(18, 7.429744107539601e-05)	(20, 0.0)	(22, 0.0)	(24, 0.0)	(26, 1.1608975168030629e-05)	(28, 0.00016020385731882266)	(30, 0.0)	(32, 0.0)	(34, 0.0)	(36, 0.00017877821758767166)	(38, 0.0)	(40, 0.0)	(42, 0.0)	(44, 0.0)	(46, 0.0)	(48, 0.0)	(50, 5.8044875840153145e-05)	(52, 0.0)	(54, 0.0001276987268483369)	(56, 6.965385100818377e-05)	(58, 0.000554909013031864)	(60, 0.0008892474978711461)	(62, 0.0013071706039202487)	(64, 0.00048293336699007413)	(66, 0.00024146668349503707)	(68, 0.0009171090382744196)	(70, 0.00037613079544419236)	(72, 0.004755036228825345)	(74, 0.0020083527040692987)	(76, 0.002159269381253697)	(78, 0.009333616035096626)	(80, 0.004190840035659057)	(82, 0.010376102005185775)	(84, 0.00423727593633118)	(86, 0.004137438749886116)	(88, 0.003970269507466475)	(90, 0.004762001613926164)	(92, 0.0008544205723670543)	(94, 0.0016438308837931368)	(96, 0.00013234231691554917)	(98, 0.00022057052819258191)	(100, 0.0018527924368176882)
NIST7086_CGTACTAG_L001_R2_001	(1, 0.13305278619583263)	(2, 0.056298885974881335)	(3, 0.045344657006327636)	(4, 0.050694072763756155)	(5, 0.05228682415680995)	(6, 0.031065617549649965)	(7, 0.03478977678355418)	(8, 0.029895432852712477)	(9, 0.03150211501596791)	(10, 0.03949141172660659)	(12, 0.034722444727579606)	(14, 0.03727641926454635)	(16, 0.03237743174363742)	(18, 0.030559466232323827)	(20, 0.031114375245355694)	(22, 0.0346040331808657)	(24, 0.021286216868100963)	(26, 0.024569235045620023)	(28, 0.027701336545954684)	(30, 0.02503823764240846)	(32, 0.02238210412396305)	(34, 0.028488425062347163)	(36, 0.03296020229707256)	(38, 0.028098363496701334)	(40, 0.025247199195433008)	(42, 0.02560707742564196)	(44, 0.019201244927922658)	(46, 0.02360569010667348)	(48, 0.023728745243454606)	(50, 0.025632617171011625)	(52, 0.03366834978232243)	(54, 0.027666509620450596)	(56, 0.03482228191402467)	(58, 0.03638484997164159)	(60, 0.031569447071942494)	(62, 0.02690031725936057)	(64, 0.019681856499879125)	(66, 0.024448501703872506)	(68, 0.17373527877467917)	(70, 0.09167607690193788)	(72, 0.060320234973087146)	(74, 0.11357060406884363)	(76, 0.10875287937411092)	(78, 0.10439254830099862)	(80, 0.10276032639237351)	(82, 0.09322703598438677)	(84, 0.10270924690163419)	(86, 0.1011211390986476)	(88, 0.10377262902702578)	(90, 0.09583209001209284)	(92, 0.10031547622198625)	(94, 0.10018777749513794)	(96, 0.09937050564330857)	(98, 0.0967700952056697)	(100, 0.34049820706343914)
NIST7086_CGTACTAG_L002_R1_001	(1, 0.03042209851005249)	(2, 0.0004567196893867661)	(3, 0.0)	(4, 0.017058480398595716)	(5, 6.394075651414725e-05)	(6, 0.0)	(7, 0.0)	(8, 0.0)	(9, 0.0)	(10, 0.0)	(12, 0.0)	(14, 0.0)	(16, 0.0)	(18, 0.020773895071757056)	(20, 0.0)	(22, 0.0)	(24, 0.0)	(26, 0.004564913295420727)	(28, 0.007257275864355713)	(30, 0.01236340199169976)	(32, 0.0014615030060376516)	(34, 0.00036994294840328055)	(36, 2.7403181363205966e-05)	(38, 0.0004795556738561044)	(40, 1.8268787575470645e-05)	(42, 0.0006576763527169433)	(44, 6.8507953408014915e-06)	(46, 2.2835984469338306e-05)	(48, 0.0)	(50, 0.00012331431613442687)	(52, 0.00010504552855895621)	(54, 0.0023954947708335885)	(56, 7.535874874881641e-05)	(58, 0.0015505633454680708)	(60, 0.00019638946643630944)	(62, 0.001105261648315974)	(64, 0.0009659621430530103)	(66, 0.0)	(68, 0.000701064723208686)	(70, 0.0023178524236378384)	(72, 0.0038227438001672324)	(74, 0.0006279895729068034)	(76, 0.0006668107465046785)	(78, 0.001552846943915005)	(80, 0.0006394075651414726)	(82, 0.00394605811630166)	(84, 0.0006371239666945387)	(86, 0.0003927789328726189)	(88, 2.9686779810139798e-05)	(90, 4.1104772044808954e-05)	(92, 0.0006622435496108109)	(94, 0.0008312298346839144)	(96, 0.005124394914919516)	(98, 1.5985189128536813e-05)	(100, 0.10122050116034205)
NIST7086_CGTACTAG_L002_R2_001	(1, 0.034719830787181966)	(2, 0.03296602717993678)	(3, 0.03854257458734919)	(4, 0.03436358942946029)	(5, 0.03364197232022919)	(6, 0.0333588061128094)	(7, 0.027837065068123393)	(8, 0.033477553232049956)	(9, 0.03503496737285883)	(10, 0.03704681760460753)	(12, 0.03677506938942241)	(14, 0.03561500137838002)	(16, 0.033491254822731555)	(18, 0.027430584544569172)	(20, 0.028467338239477134)	(22, 0.02979639253559262)	(24, 0.02193624668124638)	(26, 0.023032373935774616)	(28, 0.015647216558390607)	(30, 0.021545751346820692)	(32, 0.023859036573564665)	(34, 0.026418950432577484)	(36, 0.00767289078169767)	(38, 0.01295485398945562)	(40, 0.00555599502139001)	(42, 0.009951922031737634)	(44, 0.021940813878140245)	(46, 0.021643946080038848)	(48, 0.021420153432239332)	(50, 0.015592410195664196)	(52, 0.018396669088498938)	(54, 0.01656065593716414)	(56, 0.01788285943793883)	(58, 0.013678754697133644)	(60, 0.011397439848646749)	(62, 0.014873076684880039)	(64, 0.021285421123870236)	(66, 0.018291623559939983)	(68, 0.22694173005783713)	(70, 0.24113886160242476)	(72, 0.1942611526837671)	(74, 0.08085080301369228)	(76, 0.06827502636642767)	(78, 0.060714031908629756)	(80, 0.06013856510000243)	(82, 0.05793260900026435)	(84, 0.050611392379394486)	(86, 0.05623589535419251)	(88, 0.0523332256083826)	(90, 0.05336769570484362)	(92, 0.052995469157993406)	(94, 0.057756771919850444)	(96, 0.050967633737116165)	(98, 0.03927332609036802)	(100, 0.21241804393533797)
NIST7086_L001_R1	(1, 0.001208881504992607)	(2, 0.0008599766803809195)	(3, 0.002530788516549563)	(4, 0.010319720164571035)	(5, 0.0003292482147744092)	(6, 4.9141524593195406e-06)	(7, 0.0)	(8, 0.0)	(9, 0.0)	(10, 0.0)	(12, 0.0)	(14, 0.0)	(16, 4.9141524593195406e-06)	(18, 5.405567705251495e-05)	(20, 0.0)	(22, 0.0)	(24, 0.0)	(26, 2.4570770144990888e-06)	(28, 0.00015479627029443602)	(30, 0.0)	(32, 0.0)	(34, 0.0)	(36, 0.0001351763689095826)	(38, 0.0)	(40, 0.0)	(42, 0.0)	(44, 0.0)	(46, 0.0)	(48, 0.0)	(50, 0.0)	(52, 0.0)	(54, 4.943804026817368e-06)	(56, 0.0)	(58, 4.959364824390751e-06)	(60, 1.9872351440945443e-05)	(62, 2.9864124950901514e-05)	(64, 7.481831494490354e-06)	(66, 3.750187884413009e-05)	(68, 4.763198704530286e-05)	(70, 2.5141780155195683e-06)	(72, 0.0007262687890527084)	(74, 0.0002327581020438843)	(76, 4.570563443572192e-05)	(78, 0.003263349028767416)	(80, 0.0002330021059037587)	(82, 0.003713944007921709)	(84, 0.0005504126854774465)	(86, 9.610660456275197e-05)	(88, 0.0005720756102146373)	(90, 0.0016977354889212775)	(92, 3.703017959637104e-05)	(94, 0.0004930360523152294)	(96, 0.0)	(98, 2.1671629785932246e-05)	(100, 0.0)
NIST7086_L001_R2	(1, 0.08283786800674948)	(2, 0.018206934861778896)	(3, 0.009513799161242628)	(4, 0.012118299964681986)	(5, 0.007076379541420139)	(6, 0.0)	(7, 0.0)	(8, 0.0)	(9, 0.0)	(10, 3.194199098557701e-05)	(12, 2.4570762296597703e-06)	(14, 3.194199098557701e-05)	(16, 0.0)	(18, 0.0)	(20, 0.0)	(22, 1.7199535298041166e-05)	(24, 0.0)	(26, 0.0)	(28, 9.828335104849785e-06)	(30, 0.0)	(32, 0.0)	(34, 0.0)	(36, 2.2119772719826852e-05)	(38, 0.0)	(40, 0.0)	(42, 2.459686053051247e-06)	(44, 0.0)	(46, 2.4624679863771345e-06)	(48, 0.0)	(50, 2.466507236571909e-06)	(52, 9.875707310502212e-06)	(54, 0.0)	(56, 4.951126808383595e-06)	(58, 1.735779065874626e-05)	(60, 0.0)	(62, 0.0)	(64, 0.0)	(66, 0.0)	(68, 0.11486342726464874)	(70, 0.014328319963377426)	(72, 2.017416355396135e-05)	(74, 0.006443868867496244)	(76, 0.002044061277046708)	(78, 0.0005761860177296007)	(80, 0.000527455870379)	(82, 2.5719814666101894e-06)	(84, 0.00038244544402820486)	(86, 0.00043897103837923785)	(88, 0.0012068322377804318)	(90, 0.0)	(92, 0.00034649136495909017)	(94, 0.0012659307726689756)	(96, 0.00014240375387042657)	(98, 0.00012732557797752965)	(100, 0.21442856730057072)
NIST7086_L002_R1	(1, 5.324323931868015e-05)	(2, 4.840294483516377e-06)	(3, 0.0)	(4, 0.004946780962153737)	(5, 9.680588967032754e-06)	(6, 0.0)	(7, 0.0)	(8, 0.0)	(9, 0.0)	(10, 0.0)	(12, 0.0)	(14, 0.0)	(16, 0.0)	(18, 0.017979273859021584)	(20, 0.0)	(22, 0.0)	(24, 0.0)	(26, 0.0010527648399970484)	(28, 0.004438563468855938)	(30, 0.009438650081361164)	(32, 6.292771636019216e-05)	(34, 0.0)	(36, 0.0)	(38, 1.937081744704345e-05)	(40, 0.0)	(42, 0.0006565932819895154)	(44, 7.272128401934997e-06)	(46, 0.0)	(48, 0.0)	(50, 0.0)	(52, 1.702541444419136e-05)	(54, 0.0005089505281822832)	(56, 0.0)	(58, 1.7100798949326912e-05)	(60, 7.341987578825414e-06)	(62, 0.0)	(64, 0.0)	(66, 0.0)	(68, 0.0)	(70, 0.0006069615968213248)	(72, 0.0017394916872301505)	(74, 0.0)	(76, 5.00465758458109e-06)	(78, 0.00020352112654823044)	(80, 7.318047228052407e-05)	(82, 0.0018427951740261493)	(84, 0.0)	(86, 0.0)	(88, 0.0)	(90, 0.0)	(92, 0.00011210421541570614)	(94, 0.0)	(96, 0.003172805865040227)	(98, 1.0681253841412808e-05)	(100, 0.09768913388421387)
NIST7086_L002_R2	(1, 0.00010164618415384393)	(2, 2.904176690109826e-05)	(3, 0.00012100736208790944)	(4, 1.936117793406551e-05)	(5, 3.872235586813102e-05)	(6, 9.680588967032754e-06)	(7, 0.0)	(8, 0.0)	(9, 0.0)	(10, 2.6621619659340077e-05)	(12, 2.4201472417581885e-05)	(14, 4.840294483516377e-06)	(16, 0.0)	(18, 0.0)	(20, 0.0)	(22, 0.0)	(24, 0.0)	(26, 0.0)	(28, 0.0)	(30, 0.0)	(32, 0.0)	(34, 0.0)	(36, 0.0)	(38, 0.0)	(40, 0.0)	(42, 0.0)	(44, 0.0)	(46, 0.0)	(48, 0.0)	(50, 0.0)	(52, 0.0)	(54, 0.0)	(56, 0.0)	(58, 0.0)	(60, 0.0)	(62, 0.0)	(64, 0.0)	(66, 0.0)	(68, 0.13286943157509587)	(70, 0.08338181189913478)	(72, 0.04385514452926579)	(74, 0.003836940834746299)	(76, 0.0)	(78, 0.0003593028650031547)	(80, 0.0019481140023192146)	(82, 1.0139161255628661e-05)	(84, 0.00011205630034511302)	(86, 0.00012031985831133485)	(88, 9.01114918593407e-05)	(90, 0.0005439536713103992)	(92, 0.0)	(94, 0.0004623339790860597)	(96, 9.534727543571321e-05)	(98, 0.0)	(100, 0.04781205272954079)
