Sample	0	1	2	3	4	5	6	7	8	9	10	11	12	13	14	15	16	17	18	19	20	21	22	23	24	25	26	27	28	29	30	31	32	33	34	35	36	37	38	39	40	41	42	43	44	45	46	47	48	49
NIST7035_L001_R1 - polya	(1, 9.949334845073671e-05)	(2, 0.00014138528464052057)	(3, 0.00019375020487775042)	(4, 0.0002984800453522101)	(5, 0.0005864871066569743)	(6, 0.0010472984047445969)	(7, 0.0012619945777172393)	(8, 0.0015918935752117873)	(9, 0.0019322655567537814)	(10, 0.004084463778503928)	(12, 0.007980413844153829)	(14, 0.01287653388633482)	(16, 0.02142510711506259)	(18, 0.0335816233481355)	(20, 0.03906423049697347)	(22, 0.04391845860296467)	(24, 0.048835524613240554)	(26, 0.054666358481656095)	(28, 0.05995783367162817)	(30, 0.06537760291618147)	(32, 0.07097279464352947)	(34, 0.07683766571009921)	(36, 0.08849933344693031)	(38, 0.09594562510466438)	(40, 0.10344951817465942)	(42, 0.11167342889791637)	(44, 0.11950198447338223)	(46, 0.12646913711094565)	(48, 0.13328181323380928)	(50, 0.14189322436682172)	(52, 0.1490750731773578)	(54, 0.15622026654372778)	(56, 0.16622196630903868)	(58, 0.17437256614396351)	(60, 0.18044166039945847)	(62, 0.18679876171625817)	(64, 0.19321084619930695)	(66, 0.20059168170674452)	(68, 0.20803273687245488)	(70, 0.21353628998938773)	(72, 0.21948494492833703)	(74, 0.2257765900948402)	(76, 0.231337744624034)	(78, 0.23694602758144134)	(80, 0.24291301024247366)	(82, 0.24886690167344672)	(84, 0.2544516204167473)	(86, 0.2606961371550369)	(88, 0.26639867696887126)	(90, 0.27054336040564797)
NIST7035_L001_R2 - polya	(1, 9.949334845073671e-05)	(2, 0.00012043931654562865)	(3, 0.00014662177666424357)	(4, 0.0002618246011861492)	(5, 0.0005288856943960215)	(6, 0.001026352436649705)	(7, 0.0012619945777172393)	(8, 0.0016128395433066792)	(9, 0.0020055764450859033)	(10, 0.004223230817132587)	(12, 0.008014451042308027)	(14, 0.012845114934192482)	(16, 0.02128634007643393)	(18, 0.03330147102486632)	(20, 0.038752659221561944)	(22, 0.043646161017731076)	(24, 0.04837733156116479)	(26, 0.05520571716009957)	(28, 0.06072759799911545)	(30, 0.06628351603628554)	(32, 0.07185252530351494)	(34, 0.07771215987806096)	(36, 0.08794426529241567)	(38, 0.09502138426247728)	(40, 0.10347308238876618)	(42, 0.11230180794076312)	(44, 0.1214211588000767)	(46, 0.12954819442089477)	(48, 0.13754693598713164)	(50, 0.1477973691235694)	(52, 0.15655802027925791)	(54, 0.16598632416797116)	(56, 0.17919537529781238)	(58, 0.18983854533602934)	(60, 0.197708992847685)	(62, 0.20608214359361804)	(64, 0.21415419604818703)	(66, 0.22478951134836841)	(68, 0.23550861052092936)	(70, 0.24321934502586146)	(72, 0.25178362773066043)	(74, 0.2608218129636063)	(76, 0.268218357947115)	(78, 0.27582959910359633)	(80, 0.2836948101232283)	(82, 0.29169878818148887)	(84, 0.2989722756024401)	(86, 0.30728520669010034)	(88, 0.3147157888717632)	(90, 0.3200282100298302)
NIST7035_L002_R1 - polya	(1, 4.630045476306668e-05)	(2, 0.00010288989947348152)	(3, 0.00015433484921022227)	(4, 0.00022635777884165933)	(5, 0.0006121949018672151)	(6, 0.0011420778841556448)	(7, 0.0013427131881289338)	(8, 0.001625660411681008)	(9, 0.0019960640497855412)	(10, 0.004244208353281112)	(12, 0.008133446553378713)	(14, 0.013002711045961228)	(16, 0.02137023212064211)	(18, 0.03304309121590859)	(20, 0.038591429045016085)	(22, 0.043458121290111756)	(24, 0.04804186631165536)	(26, 0.05354390368599978)	(28, 0.05850062459313475)	(30, 0.06407468489711061)	(32, 0.06972076813071791)	(34, 0.07530768967212796)	(36, 0.08585390436815982)	(38, 0.09279382808764615)	(40, 0.10043340312355215)	(42, 0.10837393111541808)	(44, 0.11625529741508678)	(46, 0.12319779338205994)	(48, 0.13003997169704645)	(50, 0.13877017966737137)	(52, 0.14649721111782982)	(54, 0.15422938706326195)	(56, 0.16461355016762308)	(58, 0.17306852765685643)	(60, 0.17920848240793644)	(62, 0.18609181668271235)	(64, 0.19268963148644935)	(66, 0.200082270763619)	(68, 0.20765753961235406)	(70, 0.21309527079952756)	(72, 0.21912461890867357)	(74, 0.22532630759943767)	(76, 0.23078204451901907)	(78, 0.2366261908091128)	(80, 0.24268897813558768)	(82, 0.24883922187661506)	(84, 0.25473224086895874)	(86, 0.2611782930709723)	(88, 0.26686296001688214)	(90, 0.27079078192928235)
NIST7035_L002_R2 - polya	(1, 0.00010803439444715559)	(2, 0.00021606878889431118)	(3, 0.0002623692436573779)	(4, 0.00037554813307820754)	(5, 0.0006687843465776298)	(6, 0.0010700549545242077)	(7, 0.0012604012685501487)	(8, 0.0016308049066546821)	(9, 0.0019086076352330822)	(10, 0.004182474413597024)	(12, 0.008164313523220758)	(14, 0.01276606427717222)	(16, 0.02090465532552461)	(18, 0.03271384353759345)	(20, 0.038164435962201135)	(22, 0.04278933694353412)	(24, 0.047470827369577535)	(26, 0.05426413298231415)	(28, 0.060234319399262916)	(30, 0.06557944967691029)	(32, 0.07097859715178123)	(34, 0.07637002788419166)	(36, 0.08655870017955317)	(38, 0.093616947283434)	(40, 0.10194331239832549)	(42, 0.11052947450938752)	(44, 0.11948604025855408)	(46, 0.12783812784831394)	(48, 0.1356757659407064)	(50, 0.14560206899241052)	(52, 0.15450461754435352)	(54, 0.163872742891414)	(56, 0.17701692754915127)	(58, 0.18751426954293324)	(60, 0.19525416223082587)	(62, 0.20398179795366395)	(64, 0.21208180528971377)	(66, 0.22238108422700928)	(68, 0.23317166243429066)	(70, 0.2406877695908285)	(72, 0.24928164844435102)	(74, 0.2580221454046233)	(76, 0.2654842353639375)	(78, 0.27300034252047534)	(80, 0.2813575746052089)	(82, 0.28921321843000924)	(84, 0.296351205205982)	(86, 0.3049399395645308)	(88, 0.31247405245347654)	(90, 0.31771886507913727)
NIST7035_TAAGGCGA_L001_R1_001 - nextera_transposase_sequence	(1, 0.0)	(2, 0.0)	(3, 0.0)	(4, 4.949759446640653e-06)	(5, 9.899518893281305e-06)	(6, 9.899518893281305e-06)	(7, 1.4849278339921959e-05)	(8, 1.4849278339921959e-05)	(9, 2.9698556679843917e-05)	(10, 4.4547835019765876e-05)	(12, 5.9397113359687835e-05)	(14, 9.157054976285207e-05)	(16, 0.00012621886588933662)	(18, 0.00013364350505929763)	(20, 0.00014354302395257892)	(22, 0.0001707667009091025)	(24, 0.00019056573869566515)	(26, 0.0002375884534387513)	(28, 0.0008167103086957077)	(30, 0.0017497399643874706)	(32, 0.0030886498947037674)	(34, 0.00645201143869609)	(36, 0.01433945311691797)	(38, 0.031119137641029783)	(40, 0.05457604765865984)	(42, 0.08602434430289121)	(44, 0.13284164402894183)	(46, 0.1990595259061005)	(48, 0.2775354870528647)	(50, 0.36465620307318686)	(52, 0.4642230892220869)	(54, 0.5881378420890123)	(56, 0.7448571256885487)	(58, 0.920783950820774)	(60, 1.1092138683152137)	(62, 1.3130400125684292)	(64, 1.544196253606271)	(66, 1.816564191796843)	(68, 2.1189746949488004)	(70, 2.438791027194869)	(72, 2.773280921320505)	(74, 3.1349870677634937)	(76, 3.5402585219760905)	(78, 3.989300698975331)	(80, 4.461445878191766)	(82, 4.949855966949862)	(84, 5.459322332393969)	(86, 6.014229964437958)	(88, 6.626141501149186)	(90, 7.108225797334475)
NIST7035_TAAGGCGA_L001_R1_001 - polya	(1, 0.00013859326450593826)	(2, 0.00018314109952570414)	(3, 0.00024253821288539197)	(4, 0.00037123195849804897)	(5, 0.0007375141575494573)	(6, 0.0013314852911463356)	(7, 0.0015888727823716495)	(8, 0.002009602335336105)	(9, 0.0024303318883005607)	(10, 0.005486808346601164)	(12, 0.011025589167392054)	(14, 0.018101270296364866)	(16, 0.030668709531385487)	(18, 0.048425971546208826)	(20, 0.05648417992533981)	(22, 0.06379744950775137)	(24, 0.07119733988047916)	(26, 0.07977279812178409)	(28, 0.08760826732581622)	(30, 0.09619115020629113)	(32, 0.10467998765727984)	(34, 0.113844467272735)	(36, 0.13245308791238056)	(38, 0.14386228343688723)	(40, 0.15493242043929906)	(42, 0.16623024637625636)	(44, 0.1767682842381543)	(46, 0.1855491574964948)	(48, 0.19344649869360997)	(50, 0.20294013731226676)	(52, 0.21065681228957955)	(54, 0.21813342393373025)	(56, 0.22844624774080605)	(58, 0.2367816426489489)	(60, 0.24296389219780307)	(62, 0.24947530074985885)	(64, 0.25595206098578815)	(66, 0.26338164991519575)	(68, 0.2709374577104927)	(70, 0.2765282110054733)	(72, 0.28246792234144213)	(74, 0.2887615414778457)	(76, 0.2943819933295062)	(78, 0.30009401573092953)	(80, 0.3061599459327876)	(82, 0.31229517276689867)	(84, 0.31794532317523905)	(86, 0.32431318870334225)	(88, 0.3301860782867813)	(90, 0.3344354467717223)
NIST7035_TAAGGCGA_L001_R2_001 - nextera_transposase_sequence	(1, 0.0)	(2, 0.0)	(3, 4.949759446640653e-06)	(4, 1.979903778656261e-05)	(5, 2.4748797233203262e-05)	(6, 2.4748797233203262e-05)	(7, 2.4748797233203262e-05)	(8, 2.4748797233203262e-05)	(9, 5.444735391304718e-05)	(10, 6.682175252964881e-05)	(12, 7.177151197628946e-05)	(14, 9.157054976285207e-05)	(16, 0.00012621886588933662)	(18, 0.00012869374561265697)	(20, 0.0001311686253359773)	(22, 0.00015591742256918054)	(24, 0.0001707667009091025)	(26, 0.0002252140548221497)	(28, 0.000796911270909145)	(30, 0.001722516287430947)	(32, 0.0030317276610673997)	(34, 0.006362915768656559)	(36, 0.014161261776838907)	(38, 0.03077017960004162)	(40, 0.05398455140478628)	(42, 0.08511111368498603)	(44, 0.13153985729447534)	(46, 0.19710684580440074)	(48, 0.2751076300442875)	(50, 0.36143143479370043)	(52, 0.4599786704965926)	(54, 0.5824975911995653)	(56, 0.7374720845941608)	(58, 0.9109661029583623)	(60, 1.0967281001110627)	(62, 1.2972948277686651)	(64, 1.524966438156072)	(66, 1.793255774562612)	(68, 2.090540801807573)	(70, 2.4051178136793734)	(72, 2.734425309664376)	(74, 3.0903377626750714)	(76, 3.489125032012569)	(78, 3.930552004103153)	(80, 4.394473157998995)	(82, 4.873852410646695)	(84, 5.373458855273093)	(86, 5.917637883716489)	(88, 6.516920109199614)	(90, 6.988114934602293)
NIST7035_TAAGGCGA_L001_R2_001 - polya	(1, 0.0003959807557312522)	(2, 0.0005692223363636751)	(3, 0.0007028658414229726)	(4, 0.0009800523704348492)	(5, 0.0016284708579447748)	(6, 0.002781764809012047)	(7, 0.0034004847398421286)	(8, 0.004286491680790806)	(9, 0.0050636039139133875)	(10, 0.00955303573201646)	(12, 0.01684403139691814)	(14, 0.026112455960752762)	(16, 0.04452061134280935)	(18, 0.07323416589277178)	(20, 0.0852794055061718)	(22, 0.09597831055008557)	(24, 0.1068653064529717)	(26, 0.12326880925913883)	(28, 0.13669255687842827)	(30, 0.15009650545993114)	(32, 0.16269859301107825)	(34, 0.17581545554467598)	(36, 0.1996708211977606)	(38, 0.21565111957123995)	(40, 0.23234170842531224)	(42, 0.2485793942900169)	(44, 0.26412163895246854)	(46, 0.27736719523167896)	(48, 0.28870461924420937)	(50, 0.3022867591657913)	(52, 0.3135004391921557)	(54, 0.3253699623452)	(56, 0.34207045071816555)	(58, 0.35495962431721784)	(60, 0.36423052376077575)	(62, 0.37417459048907686)	(64, 0.38347023872986796)	(66, 0.3956639711266672)	(68, 0.4080680682999487)	(70, 0.4170518816956015)	(72, 0.42703554649947567)	(74, 0.4374473654954843)	(76, 0.44609954500821214)	(78, 0.4548408201909795)	(80, 0.4640622220400711)	(82, 0.4733677697997555)	(84, 0.4818590821304675)	(86, 0.4917635507831955)	(88, 0.5002647626328008)	(90, 0.506177250291813)
NIST7035_TAAGGCGA_L001_R2_001 - polyg	(1, 0.0009206552570751614)	(2, 0.0011582437105139127)	(3, 0.0018116119574704789)	(4, 0.0021135472837155588)	(5, 0.002925307832964626)	(6, 0.003474731131541738)	(7, 0.004053852986798695)	(8, 0.004786417384901511)	(9, 0.005598177934150578)	(10, 0.006627727899051835)	(12, 0.007991386626601333)	(14, 0.009884669614941383)	(16, 0.011718555489921744)	(18, 0.013515318169052302)	(20, 0.01554719442189829)	(22, 0.01773251321759014)	(24, 0.020029201600831402)	(26, 0.022481807406641845)	(28, 0.02502350888249182)	(30, 0.027404343176325972)	(32, 0.029832200184903214)	(34, 0.032371426781029874)	(36, 0.03481165818822371)	(38, 0.037199917121227825)	(40, 0.03962529925008175)	(42, 0.04206058089782895)	(44, 0.04488194378241412)	(46, 0.047879023127355036)	(48, 0.0507845319225331)	(50, 0.05410087075178233)	(52, 0.05760035068055727)	(54, 0.06114685332407531)	(56, 0.06470573036620994)	(58, 0.06846012290648687)	(60, 0.07198187675277169)	(62, 0.07543433396680355)	(64, 0.07893628877530182)	(66, 0.08225510248427437)	(68, 0.08564568770522321)	(70, 0.08984803347542113)	(72, 0.09378061735577713)	(74, 0.09814383030799087)	(76, 0.10238824903348523)	(78, 0.10694450260411795)	(80, 0.11153787937060047)	(82, 0.11642576682415812)	(84, 0.12139532530858532)	(86, 0.12655544953170822)	(88, 0.1316314278442382)	(90, 0.13554421268680764)
NIST7035_TAAGGCGA_L002_R1_001 - nextera_transposase_sequence	(1, 0.0)	(2, 0.0)	(3, 0.0)	(4, 9.7118447114878e-06)	(5, 1.4567767067231701e-05)	(6, 1.4567767067231701e-05)	(7, 1.94236894229756e-05)	(8, 1.94236894229756e-05)	(9, 4.370330120169511e-05)	(10, 5.5843107091054856e-05)	(12, 8.012271886977435e-05)	(14, 0.00010440233064849386)	(16, 0.00012868194242721337)	(18, 0.0001505335930280609)	(20, 0.0001723852436289085)	(22, 0.0002015207777633719)	(24, 0.00022337242836421942)	(26, 0.00029135534134463407)	(28, 0.0008473584510773106)	(30, 0.001949652825831176)	(32, 0.0032947433183722367)	(34, 0.00647294450020662)	(36, 0.014810563185018897)	(38, 0.03208307900439995)	(40, 0.056297135831316916)	(42, 0.08881239192537807)	(44, 0.13749301354171067)	(46, 0.20525498205493892)	(48, 0.2852635867493533)	(50, 0.3758435344122222)	(52, 0.47958545962033483)	(54, 0.6066819433983979)	(56, 0.7650748467592303)	(58, 0.9434183071186364)	(60, 1.136183856874602)	(62, 1.3408828358198084)	(64, 1.5763780743451425)	(66, 1.8511407290001998)	(68, 2.15568961138539)	(70, 2.4756851827842015)	(72, 2.815383659141444)	(74, 3.1794612936856987)	(76, 3.5864021548641043)	(78, 4.036230522288441)	(80, 4.512416836259755)	(82, 5.002554215159121)	(84, 5.513222433778573)	(86, 6.071816178088039)	(88, 6.683868771611889)	(90, 7.16637992445156)
NIST7035_TAAGGCGA_L002_R1_001 - polya	(1, 9.226252475913411e-05)	(2, 0.0001553895153838048)	(3, 0.00020880466129698773)	(4, 0.00032534679783484134)	(5, 0.0007623798098517924)	(6, 0.001417929327877219)	(7, 0.001660725445664414)	(8, 0.0020637670011911576)	(9, 0.0025008000132081087)	(10, 0.00566443342797526)	(12, 0.011307015205349673)	(14, 0.018430653301225973)	(16, 0.03090794579430993)	(18, 0.048663625888087494)	(20, 0.057127498554149114)	(22, 0.06469302558439811)	(24, 0.0720691716427731)	(26, 0.08052090450294536)	(28, 0.08829766415566923)	(30, 0.09713301488194524)	(32, 0.10589309881170725)	(34, 0.11516062662764448)	(36, 0.13306441235327224)	(38, 0.14439085124804488)	(40, 0.15580226878404307)	(42, 0.1674661942825399)	(44, 0.17827304948524797)	(46, 0.18704041729854357)	(48, 0.19506240103023248)	(50, 0.20457029700277904)	(52, 0.21276709393927473)	(54, 0.22079393359331942)	(56, 0.23156679733953728)	(58, 0.24022490689982862)	(60, 0.24640892401986847)	(62, 0.25335289298858227)	(64, 0.259993366810062)	(66, 0.26744477966495106)	(68, 0.27511470902584856)	(70, 0.2805703377925268)	(72, 0.28666452034898543)	(74, 0.29291894834318355)	(76, 0.2984401320616644)	(78, 0.30439592083098427)	(80, 0.31063092513575946)	(82, 0.31698732749942826)	(84, 0.3229795356864162)	(86, 0.32954231475020407)	(88, 0.335289298858227)	(90, 0.3392978627628936)
NIST7035_TAAGGCGA_L002_R2_001 - nextera_transposase_sequence	(1, 0.0)	(2, 0.0)	(3, 0.0)	(4, 0.0)	(5, 0.0)	(6, 0.0)	(7, 9.7118447114878e-06)	(8, 9.7118447114878e-06)	(9, 3.88473788459512e-05)	(10, 5.5843107091054856e-05)	(12, 6.31269906246707e-05)	(14, 9.954640829274996e-05)	(16, 0.0001359658259608292)	(18, 0.00015538951538380483)	(20, 0.00016995728245103653)	(22, 0.00019666485540762796)	(24, 0.00021608854483060356)	(26, 0.00028407145781101815)	(28, 0.0008279347616543351)	(30, 0.001949652825831176)	(32, 0.0032947433183722367)	(34, 0.006509363917874699)	(36, 0.014829986874441873)	(38, 0.03202966385848677)	(40, 0.05607133544177482)	(42, 0.08833893949569303)	(44, 0.13672334984832527)	(46, 0.20416968340843017)	(48, 0.2837194034402267)	(50, 0.3735418272155996)	(52, 0.4763489873702315)	(54, 0.6019814105580378)	(56, 0.7589466727462815)	(58, 0.9347164942571434)	(60, 1.1248064307950942)	(62, 1.325970298265319)	(64, 1.5576779173531727)	(66, 1.8275895055748417)	(68, 2.1265686450179935)	(70, 2.4408463678429166)	(72, 2.7750139486369667)	(74, 3.133196493441348)	(76, 3.5334798850700295)	(78, 3.975524208958108)	(80, 4.443314633176341)	(82, 4.924980855526112)	(84, 5.426000356424701)	(86, 5.97418543116463)	(88, 6.573556783456455)	(90, 7.045763669057237)
NIST7035_TAAGGCGA_L002_R2_001 - polya	(1, 0.00044674485672843885)	(2, 0.0006798291298041461)	(3, 0.0008546423346109265)	(4, 0.0012042687442244873)	(5, 0.0018452504951826823)	(6, 0.002923265258157828)	(7, 0.0035739588538275108)	(8, 0.004457736722572901)	(9, 0.005074438861752376)	(10, 0.009532175584325276)	(12, 0.017175397372266178)	(14, 0.02642592945995831)	(16, 0.04455551557512816)	(18, 0.0728655429091151)	(20, 0.08512917481854632)	(22, 0.09581463196236077)	(24, 0.10714592677948917)	(26, 0.12401782900452135)	(28, 0.13784021199014634)	(30, 0.15111144778839444)	(32, 0.16370042649566052)	(34, 0.17640351937828655)	(36, 0.2006879870793618)	(38, 0.21669796308624945)	(40, 0.23384179696320329)	(42, 0.25022810695266107)	(44, 0.2658204736369547)	(46, 0.27921067953291856)	(48, 0.29060267337949375)	(50, 0.30400016315899114)	(52, 0.3152561911796055)	(54, 0.32715320095117806)	(56, 0.3439085610396724)	(58, 0.3568981533412874)	(60, 0.36620938445842627)	(62, 0.37656463888205016)	(64, 0.3860579670875295)	(66, 0.3980788028791735)	(68, 0.4106823493535068)	(70, 0.41952983988567216)	(72, 0.42948933663730293)	(74, 0.4397741801867685)	(76, 0.4484759930482616)	(78, 0.4571875177544661)	(80, 0.46686051508710796)	(82, 0.47612561494186734)	(84, 0.48439767867487704)	(86, 0.4946363909619631)	(88, 0.5032410853763413)	(90, 0.5092114419127284)
NIST7035_TAAGGCGA_L002_R2_001 - polyg	(1, 0.0008060831110534875)	(2, 0.0010148877723504751)	(3, 0.001563606998549536)	(4, 0.0018355386504711943)	(5, 0.002782443509841255)	(6, 0.003287459434838621)	(7, 0.0038895938069508644)	(8, 0.004724812452138815)	(9, 0.005574598864393998)	(10, 0.006708456734460199)	(12, 0.008150665674116138)	(14, 0.0099716365575201)	(16, 0.011892153849216812)	(18, 0.013734976383221622)	(20, 0.015585082800760049)	(22, 0.017573583005437175)	(24, 0.019824303017324473)	(26, 0.021968192737385407)	(28, 0.02457339508124201)	(30, 0.026899381889643338)	(32, 0.029324915106337418)	(34, 0.031714028905363414)	(36, 0.03418326542325919)	(38, 0.036684065436467295)	(40, 0.039126594381406476)	(42, 0.041566695365167786)	(44, 0.04412576644664483)	(46, 0.04700047248124521)	(48, 0.04998686473002771)	(50, 0.05297568493998808)	(52, 0.056263144374826705)	(54, 0.05990508614163463)	(56, 0.06341349004365959)	(58, 0.06732493550121131)	(60, 0.07138691455179108)	(62, 0.07556300777773084)	(64, 0.07990663032494376)	(66, 0.08422597326037795)	(68, 0.08859630338054747)	(70, 0.09262429097463704)	(72, 0.09645804167449684)	(74, 0.10085750732880082)	(76, 0.10546577764440178)	(78, 0.11007647592118061)	(80, 0.11490569070396792)	(82, 0.11971790975851013)	(84, 0.12472679366845996)	(86, 0.12985464767612553)	(88, 0.1349266585767)	(90, 0.1389959215108134)
NIST7086_CGTACTAG_L001_R1_001 - nextera_transposase_sequence	(1, 0.0)	(2, 0.0)	(3, 4.643590067212252e-06)	(4, 4.643590067212252e-06)	(5, 9.287180134424503e-06)	(6, 1.3930770201636754e-05)	(7, 1.3930770201636754e-05)	(8, 1.3930770201636754e-05)	(9, 3.714872053769801e-05)	(10, 5.1079490739334765e-05)	(12, 5.1079490739334765e-05)	(14, 5.1079490739334765e-05)	(16, 6.0366670873759267e-05)	(18, 6.733205597457765e-05)	(20, 9.287180134424502e-05)	(22, 0.00010680257154588179)	(24, 0.00010680257154588179)	(26, 0.00014859488215079202)	(28, 0.0004272102861835271)	(30, 0.0010006936594842402)	(32, 0.0017831385858095045)	(34, 0.0037427335941730747)	(36, 0.00954025579308757)	(38, 0.02201758230368689)	(40, 0.0407823297652916)	(42, 0.06740635341565304)	(44, 0.10734354978871201)	(46, 0.16561131795209133)	(48, 0.23320109317539925)	(50, 0.3113364614413462)	(52, 0.39943000860642985)	(54, 0.5093159239569406)	(56, 0.6440682641173728)	(58, 0.796559118334556)	(60, 0.9581908795990464)	(62, 1.1292955646006497)	(64, 1.3241591781811448)	(66, 1.5521385543259638)	(68, 1.8034403615833565)	(70, 2.0695761173104588)	(72, 2.3470027622859875)	(74, 2.6464748511056064)	(76, 2.9807065333733425)	(78, 3.35157381947635)	(80, 3.744600317380094)	(82, 4.1544482203023145)	(84, 4.5819348000948406)	(86, 5.050020287845004)	(88, 5.562015563270725)	(90, 5.96843417492831)
NIST7086_CGTACTAG_L001_R1_001 - polya	(1, 0.00012537693181473078)	(2, 0.00021360514309176358)	(3, 0.0002461102735622493)	(4, 0.0003807743855114046)	(5, 0.0007336872306195357)	(6, 0.0014023642002980998)	(7, 0.0017274155050029576)	(8, 0.0021732001514553336)	(9, 0.002642202748243771)	(10, 0.005964691441334137)	(12, 0.011813293130987968)	(14, 0.01927322057396445)	(16, 0.03247030354498167)	(18, 0.05135346255330029)	(20, 0.06025290291711257)	(22, 0.06796590601875212)	(24, 0.07586697451811376)	(26, 0.08540258672113413)	(28, 0.09372622191661209)	(30, 0.10266048920592845)	(32, 0.11181532702343741)	(34, 0.12175725335733883)	(36, 0.14135088164594095)	(38, 0.15396519406352302)	(40, 0.16584349745545196)	(42, 0.1779586239408087)	(44, 0.18955134654360412)	(46, 0.1987920907773565)	(48, 0.20726896444505244)	(50, 0.2174198523319784)	(52, 0.22581546317349815)	(54, 0.2342412573504548)	(56, 0.2449725939957823)	(58, 0.25371879588737656)	(60, 0.2604102091742294)	(62, 0.26742435197075354)	(64, 0.27401824986619494)	(66, 0.2819378927258255)	(68, 0.2896903663430363)	(70, 0.29543216546114426)	(72, 0.301935513350275)	(74, 0.3084295740592713)	(76, 0.3144917808920169)	(78, 0.3206213197807371)	(80, 0.3272059304960441)	(82, 0.33390430916799774)	(84, 0.33992704548517205)	(86, 0.34697833700223385)	(88, 0.3530893015306852)	(90, 0.3573985531130581)
NIST7086_CGTACTAG_L001_R2_001 - nextera_transposase_sequence	(1, 0.0)	(2, 0.0)	(3, 4.643590067212252e-06)	(4, 4.643590067212252e-06)	(5, 9.287180134424503e-06)	(6, 9.287180134424503e-06)	(7, 9.287180134424503e-06)	(8, 9.287180134424503e-06)	(9, 3.250513047048576e-05)	(10, 5.1079490739334765e-05)	(12, 6.0366670873759267e-05)	(14, 6.501026094097152e-05)	(16, 6.965385100818377e-05)	(18, 7.429744107539603e-05)	(20, 7.894103114260828e-05)	(22, 9.519359637785115e-05)	(24, 9.751539141145727e-05)	(26, 0.00013930770201636754)	(28, 0.00039934874578025363)	(30, 0.0009565795538457238)	(32, 0.0017227719149357453)	(34, 0.0036707579481312846)	(36, 0.009405591681138414)	(38, 0.021792368185427097)	(40, 0.04042245153508264)	(42, 0.06686537517282282)	(44, 0.1064310843405048)	(46, 0.16430646914320468)	(48, 0.23156422767670692)	(50, 0.3090518151282778)	(52, 0.3964906160938845)	(54, 0.5055267544620954)	(56, 0.639039256074582)	(58, 0.7898816358179048)	(60, 0.9496652482356447)	(62, 1.1184922523092804)	(64, 1.3105511374891794)	(66, 1.5355400416307137)	(68, 1.7830132088776898)	(70, 2.0454898156318286)	(72, 2.3191203257274116)	(74, 2.6143040591199598)	(76, 2.9435090551399385)	(78, 3.308432545956914)	(80, 3.6950346370026703)	(82, 4.098000739445283)	(84, 4.518331546944235)	(86, 4.978009814877709)	(88, 5.479984222938388)	(90, 5.877280501908934)
NIST7086_CGTACTAG_L001_R2_001 - polya	(1, 0.0005061513173261354)	(2, 0.0008358462120982052)	(3, 0.00103087699492112)	(4, 0.0012491257280800956)	(5, 0.00195959500836357)	(6, 0.0033155233079895474)	(7, 0.003928477196861565)	(8, 0.004634302887077827)	(9, 0.0054701490991760325)	(10, 0.009830480172288335)	(12, 0.017578310199431978)	(14, 0.02689103007922615)	(16, 0.04549093009344482)	(18, 0.0753910065362245)	(20, 0.08782654073621891)	(22, 0.09859966969215134)	(24, 0.10997182176675414)	(26, 0.1270834511644313)	(28, 0.141450718832386)	(30, 0.15512376978529246)	(32, 0.16790060785522698)	(34, 0.18103035877026963)	(36, 0.2059641156361658)	(38, 0.22221203728134148)	(40, 0.23964407439365626)	(42, 0.2565978217290482)	(44, 0.27183808432963885)	(46, 0.2850676724311265)	(48, 0.2972640617426595)	(50, 0.3107583344779783)	(52, 0.3219633173101615)	(54, 0.3339623540438379)	(56, 0.3513758167958838)	(58, 0.365151026730269)	(60, 0.374865417150877)	(62, 0.3854365499388857)	(64, 0.3950650339432503)	(66, 0.4070965758073973)	(68, 0.4194601343613499)	(70, 0.42821330163804494)	(72, 0.43893535110323806)	(74, 0.44955756338198605)	(76, 0.4586706088888901)	(78, 0.4677975851659958)	(80, 0.47777666022043497)	(82, 0.4873238813986233)	(84, 0.4962767230482085)	(86, 0.5068594648113853)	(88, 0.516251125722322)	(90, 0.5224874671825881)
NIST7086_CGTACTAG_L001_R2_001 - polyg	(1, 0.0010773128955932423)	(2, 0.001276987268483369)	(3, 0.0018202873063472025)	(4, 0.0022474975925307296)	(5, 0.003004402773486327)	(6, 0.0035244848610140986)	(7, 0.004230310551230361)	(8, 0.005117236254067901)	(9, 0.005902002975426771)	(10, 0.007139519728338837)	(12, 0.008760132661795914)	(14, 0.010719727670159482)	(16, 0.012878997051413179)	(18, 0.014843235649843961)	(20, 0.01677961270787147)	(22, 0.01916873979745217)	(24, 0.021325687383672264)	(26, 0.023670700367614452)	(28, 0.02631986850095904)	(30, 0.028743822516043835)	(32, 0.03121189063676715)	(34, 0.03367067157735604)	(36, 0.03601800635633183)	(38, 0.03855108473799611)	(40, 0.04113059902033252)	(42, 0.04364742483676155)	(44, 0.046377855796282355)	(46, 0.04922902009755068)	(48, 0.05231932928728043)	(50, 0.05562556541513556)	(52, 0.059145406686082445)	(54, 0.06281616463421373)	(56, 0.06629885718462292)	(58, 0.07006248693409844)	(60, 0.07377271539780103)	(62, 0.07761296438338557)	(64, 0.08144624798386929)	(66, 0.0851309367022022)	(68, 0.08883419978080398)	(70, 0.09317595649364743)	(72, 0.09754789654192778)	(74, 0.10216130327370314)	(76, 0.10664468948359657)	(78, 0.1113207846812793)	(80, 0.11598991449386123)	(82, 0.12088425842470293)	(84, 0.12649835881596255)	(86, 0.1320892412568861)	(88, 0.1373690031633064)	(90, 0.1413462380558737)
NIST7086_CGTACTAG_L002_R1_001 - nextera_transposase_sequence	(1, 0.0)	(2, 0.0)	(3, 4.567196893867661e-06)	(4, 9.134393787735323e-06)	(5, 9.134393787735323e-06)	(6, 9.134393787735323e-06)	(7, 1.8268787575470645e-05)	(8, 1.8268787575470645e-05)	(9, 4.567196893867661e-05)	(10, 6.394075651414725e-05)	(12, 7.079155185494875e-05)	(14, 8.22095440896179e-05)	(16, 0.00010732912700589005)	(18, 0.00010961272545282386)	(20, 0.00011874711924055919)	(22, 0.00012559791458136067)	(24, 0.0001644190881792358)	(26, 0.00022379264779951542)	(28, 0.00045900328783369995)	(30, 0.0009499769539244736)	(32, 0.001778923190161454)	(34, 0.00394605811630166)	(36, 0.010520538045024157)	(38, 0.024028022858637768)	(40, 0.04412368919165548)	(42, 0.07158396051603479)	(44, 0.11351311160018686)	(46, 0.1721330837329783)	(48, 0.2423491687792997)	(50, 0.3218480815124072)	(52, 0.4122603112234114)	(54, 0.5230468062779592)	(56, 0.6609350477007179)	(58, 0.8153839450606406)	(60, 0.9788895938611029)	(62, 1.1519886397371342)	(64, 1.3489124682100262)	(66, 1.5781149607303275)	(68, 1.834939860064741)	(70, 2.1021482815373624)	(72, 2.3835789541374877)	(74, 2.6844042283474217)	(76, 3.021947481985605)	(78, 3.397332245487929)	(80, 3.791588666555714)	(82, 4.199877800079907)	(84, 4.627027173177328)	(86, 5.097667678696602)	(88, 5.611769629857922)	(90, 6.016532887380049)
NIST7086_CGTACTAG_L002_R1_001 - polya	(1, 0.00015985189128536815)	(2, 0.0002237926477995154)	(3, 0.0002603302229504567)	(4, 0.00039734612976648654)	(5, 0.0007216171092310905)	(6, 0.001388427855735769)	(7, 0.0017035644414126376)	(8, 0.0021785529183748742)	(9, 0.002571331851247493)	(10, 0.005807190850552731)	(12, 0.011593829315083059)	(14, 0.019312392065719407)	(16, 0.03250017309676228)	(18, 0.05208888057456068)	(20, 0.0606500911521156)	(22, 0.06852622219559039)	(24, 0.07666039986356869)	(26, 0.08629490171118254)	(28, 0.09479673872911717)	(30, 0.10358859274981243)	(32, 0.11302442153254302)	(34, 0.12312934466022521)	(36, 0.14200556942258025)	(38, 0.15415431316026823)	(40, 0.16612493621909538)	(42, 0.17877150441821493)	(44, 0.190675903122081)	(46, 0.2004360028842762)	(48, 0.209070288612133)	(50, 0.2190884349988317)	(52, 0.22759712281210714)	(54, 0.23586146559156068)	(56, 0.24734796577963786)	(58, 0.25641841881085903)	(60, 0.26304313790541406)	(62, 0.2702661597930658)	(64, 0.2769662376363696)	(66, 0.2849748173897666)	(68, 0.29328939933505266)	(70, 0.29919706851727046)	(72, 0.3058948627621274)	(74, 0.31296488355383456)	(76, 0.3193178544332045)	(78, 0.32579413962870885)	(80, 0.33274998049806925)	(82, 0.339418087963116)	(84, 0.34538969790184804)	(86, 0.35254192823764474)	(88, 0.3586596884769805)	(90, 0.3629048979898305)
NIST7086_CGTACTAG_L002_R2_001 - nextera_transposase_sequence	(1, 0.0)	(2, 0.0)	(3, 0.0)	(4, 1.8268787575470645e-05)	(5, 1.8268787575470645e-05)	(6, 1.8268787575470645e-05)	(7, 3.1970378257073627e-05)	(8, 4.567196893867661e-05)	(9, 7.307515030188258e-05)	(10, 9.819473321815472e-05)	(12, 0.00010504552855895621)	(14, 0.00011417992234669153)	(16, 0.00014615030060376516)	(18, 0.00015985189128536815)	(20, 0.00017812067886083878)	(22, 0.00019182226954244177)	(24, 0.00021922545090564776)	(26, 0.00026489741984432434)	(28, 0.000497824461431575)	(30, 0.0009933653244162163)	(32, 0.0018017591746307925)	(34, 0.003941490919407792)	(36, 0.010484000469873217)	(38, 0.023902424944056404)	(40, 0.043801701810637805)	(42, 0.07111810643286029)	(44, 0.11283716645989444)	(46, 0.17112601681788048)	(48, 0.2409516065297762)	(50, 0.3198727688558094)	(52, 0.40976433812091273)	(54, 0.5196579461827094)	(56, 0.6563564328146154)	(58, 0.8089853022123319)	(60, 0.9702347557472236)	(62, 1.140735066590644)	(64, 1.3345851715539632)	(66, 1.560049413416634)	(68, 1.8125902820645994)	(70, 2.075242924635588)	(72, 2.3527047031349424)	(74, 2.6494172165419485)	(76, 2.9824229600660743)	(78, 3.3523453560833323)	(80, 3.7405525248651896)	(82, 4.1420319678206265)	(84, 4.561846422706496)	(86, 5.024567408811803)	(88, 5.529589772548114)	(90, 5.927006693866455)
NIST7086_CGTACTAG_L002_R2_001 - polya	(1, 0.0005297948396886487)	(2, 0.0007627218812758994)	(3, 0.0009408425601367382)	(4, 0.0011783367986178566)	(5, 0.0018040427730777262)	(6, 0.0029732451779078475)	(7, 0.003571547971004511)	(8, 0.004475852955990308)	(9, 0.005329918775143561)	(10, 0.009659621430530103)	(12, 0.017232033880562686)	(14, 0.0266221906943546)	(16, 0.045034844971982076)	(18, 0.07558710859350978)	(20, 0.08756229884923081)	(22, 0.09851215340227852)	(24, 0.10995069802297008)	(26, 0.12723753826625916)	(28, 0.14135017666831023)	(30, 0.1550106625778684)	(32, 0.16829892194057638)	(34, 0.18177671997437986)	(36, 0.20666565944751167)	(38, 0.22312812065145765)	(40, 0.24052685721864653)	(42, 0.2575350984514097)	(44, 0.27360478072248307)	(46, 0.28740456613730414)	(48, 0.2994071595743884)	(50, 0.31305394389326496)	(52, 0.3244742197263811)	(54, 0.33671202380349946)	(56, 0.3539760280623192)	(58, 0.3675177668526368)	(60, 0.3771614030940384)	(62, 0.3873759389471734)	(64, 0.3971725762845196)	(66, 0.41010459428950585)	(68, 0.4228744768047598)	(70, 0.4319677658204504)	(72, 0.442575080606458)	(74, 0.45321893296761656)	(76, 0.46233734156622336)	(78, 0.4712684950921816)	(80, 0.4813802690152046)	(82, 0.491096980406908)	(84, 0.5000189995390785)	(86, 0.5104048052757335)	(88, 0.5196625133796033)	(90, 0.5259857974791631)
NIST7086_CGTACTAG_L002_R2_001 - polyg	(1, 0.0008220954408961791)	(2, 0.0010824256638466358)	(3, 0.0017081316383065054)	(4, 0.00218768731216261)	(5, 0.0030691563126790684)	(6, 0.003598951152367717)	(7, 0.004352538639855881)	(8, 0.005238574837266207)	(9, 0.005864280811726077)	(10, 0.006944422877125779)	(12, 0.00845388145054904)	(14, 0.01034926816150412)	(16, 0.012367969188593626)	(18, 0.014311311466934316)	(20, 0.016332296092470756)	(22, 0.018499431018610964)	(24, 0.020933746963042427)	(26, 0.023249315788233332)	(28, 0.025955379947849917)	(30, 0.028581518161823825)	(32, 0.031079774862769437)	(34, 0.03356432997303344)	(36, 0.03606943746931986)	(38, 0.03854485818579613)	(40, 0.04125548954230658)	(42, 0.04382682139355408)	(44, 0.04650548237180746)	(46, 0.04936226402892168)	(48, 0.05229212083633779)	(50, 0.05550286025272676)	(52, 0.05886888436350722)	(54, 0.062431297940723995)	(56, 0.0660096967070693)	(58, 0.06988267967306908)	(60, 0.07392236532569503)	(62, 0.07818812722456742)	(64, 0.08270965214949641)	(66, 0.08708731037226856)	(68, 0.0915448945406834)	(70, 0.09601389670133291)	(72, 0.09974072936672893)	(74, 0.10403389444696451)	(76, 0.10842982145731214)	(78, 0.11316143743935905)	(80, 0.11805975610803211)	(82, 0.12300374674564385)	(84, 0.128313113134765)	(86, 0.13370697266642273)	(88, 0.13900948826020307)	(90, 0.14320902580411438)
NIST7086_L001_R1 - polya	(1, 0.00012776796394230804)	(2, 0.00021130855575074024)	(3, 0.00023587931804733793)	(4, 0.00032924821477440917)	(5, 0.000609354904955623)	(6, 0.0011400833705621333)	(7, 0.0013956192984467494)	(8, 0.0017690948853550344)	(9, 0.0021573129296412782)	(10, 0.004579990092085812)	(12, 0.008700506929225246)	(14, 0.013902137307414979)	(16, 0.022698470209596956)	(18, 0.035617777025148026)	(20, 0.04159092933945093)	(22, 0.046640220991401755)	(24, 0.05188853581795502)	(26, 0.05828430524375941)	(28, 0.06361861773835077)	(30, 0.0692969209050945)	(32, 0.07525287368578978)	(34, 0.08162407234929756)	(36, 0.09373008693283125)	(38, 0.10179912527103394)	(40, 0.10983376454202139)	(42, 0.11844335965074923)	(44, 0.12709472505538127)	(46, 0.13459126463207322)	(48, 0.141915808872689)	(50, 0.15124532731670715)	(52, 0.1591939689196565)	(54, 0.16729003509638546)	(56, 0.1776392401757124)	(58, 0.18619969375984702)	(60, 0.19276500144549796)	(62, 0.19967184272707156)	(64, 0.20620766549796654)	(66, 0.2140776806615668)	(68, 0.2218100995563061)	(70, 0.2275326300951837)	(72, 0.23400456888410753)	(74, 0.2404568510631941)	(76, 0.24652582935045372)	(78, 0.25255058026557947)	(80, 0.2590667464266372)	(82, 0.26557308428277626)	(84, 0.271474981386419)	(86, 0.27842850711635614)	(88, 0.2843869169732811)	(90, 0.28861308808829594)
NIST7086_L001_R2 - polya	(1, 0.00011793965902366897)	(2, 0.00021622270821005976)	(3, 0.00025062177542529654)	(4, 0.0003341623672337287)	(5, 0.0006928954967640551)	(6, 0.0013612202312315127)	(7, 0.001656069378790685)	(8, 0.0019607468312684965)	(9, 0.0023440507230954206)	(10, 0.0046021037781527495)	(12, 0.008678393243158309)	(14, 0.013302610707377996)	(16, 0.021725468022651687)	(18, 0.034372039376710524)	(20, 0.04006508500083221)	(22, 0.044851469496209447)	(24, 0.04960836907683076)	(26, 0.05652995281578233)	(28, 0.06229916780302347)	(30, 0.0680560974091163)	(32, 0.07373194349963039)	(34, 0.07961172691720622)	(36, 0.09024840991540335)	(38, 0.09754101216503355)	(40, 0.1061555214262207)	(42, 0.1153720143636745)	(44, 0.12435999921176993)	(46, 0.1328590258901631)	(48, 0.1413113681201927)	(50, 0.15144435049130958)	(52, 0.1601767994115204)	(54, 0.1696807702678444)	(56, 0.1837278750728093)	(58, 0.19522699182761705)	(60, 0.20344836889205864)	(62, 0.21247812403605829)	(64, 0.2208026983021456)	(66, 0.2310683627896641)	(68, 0.241793500532129)	(70, 0.24930232548996925)	(72, 0.2584475632167629)	(74, 0.2675633160288007)	(76, 0.275273621237473)	(78, 0.2831534647059919)	(80, 0.2917040899852079)	(82, 0.2998050703143962)	(84, 0.3074858906083126)	(86, 0.3165131886760826)	(88, 0.32474685112167245)	(90, 0.33021138865643584)
NIST7086_L002_R1 - polya	(1, 9.196559518681116e-05)	(2, 0.00014520883450549132)	(3, 0.00017425060140658957)	(4, 0.00028557737452746624)	(5, 0.0005275920987032851)	(6, 0.001064864786373603)	(7, 0.0013117198050329381)	(8, 0.0016505404188790847)	(9, 0.0019554789713406165)	(10, 0.0040852085440878224)	(12, 0.0079647045726262)	(14, 0.013318070271395312)	(16, 0.02205480181414237)	(18, 0.03512117677239483)	(20, 0.0407262377843068)	(22, 0.04576256419440559)	(24, 0.050970721058669205)	(26, 0.05735264933518555)	(28, 0.06279798062914148)	(30, 0.0681223045610095)	(32, 0.07409764810091046)	(34, 0.08056428153088835)	(36, 0.09198011607026171)	(38, 0.09945837104729452)	(40, 0.10745937782854709)	(42, 0.11620821010750294)	(44, 0.12497156326990934)	(46, 0.13279347915527182)	(48, 0.1402209110402277)	(50, 0.1494126302644253)	(52, 0.157532224260524)	(54, 0.16554533177798536)	(56, 0.1767215717404247)	(58, 0.18563255388457833)	(60, 0.1922056737931936)	(62, 0.19931122609499563)	(64, 0.2059109676232702)	(66, 0.21382242895657771)	(68, 0.22209691237614898)	(70, 0.2279343075232697)	(72, 0.23459455273258825)	(74, 0.24160571929196173)	(76, 0.24787874094259896)	(78, 0.2542364677466977)	(80, 0.26107822399914815)	(82, 0.2676731252329392)	(84, 0.2735444024414445)	(86, 0.28057008988426857)	(88, 0.2865672147493453)	(90, 0.29071776726896065)
NIST7086_L002_R2 - polya	(1, 0.0001258476565714258)	(2, 0.00017425060140658957)	(3, 0.00020329236830768783)	(4, 0.00030493855246153175)	(5, 0.0005856756325054816)	(6, 0.0010116215470549227)	(7, 0.0012681571546812908)	(8, 0.0016408598299120518)	(9, 0.002066805744461493)	(10, 0.004264299439977928)	(12, 0.00805667016781301)	(14, 0.012788058025450268)	(16, 0.020968155702592944)	(18, 0.03368602945803223)	(20, 0.03886272440815299)	(22, 0.04366671668304299)	(24, 0.04872240427107585)	(26, 0.05545525389764713)	(28, 0.06119100286061404)	(30, 0.0667210393080315)	(32, 0.07257295533860281)	(34, 0.07843697210538289)	(36, 0.08898397378496509)	(38, 0.09677200760894293)	(40, 0.10559102415790977)	(42, 0.11466657631450297)	(44, 0.12415839379667859)	(46, 0.13305727520462346)	(48, 0.14149148834215075)	(50, 0.15151089792302963)	(52, 0.1604896441899525)	(54, 0.17027187934113913)	(56, 0.18415384391986409)	(58, 0.19519939593124846)	(60, 0.20333109066355598)	(62, 0.21191777307731402)	(64, 0.22034956606759956)	(66, 0.23136123601759934)	(68, 0.24236322537863203)	(70, 0.25016093979157694)	(72, 0.2592703740095547)	(74, 0.2684209507306424)	(76, 0.27623560617427967)	(78, 0.2839703967589388)	(80, 0.292605482117532)	(82, 0.30087754538986156)	(84, 0.3085131099376086)	(86, 0.3173514876645095)	(88, 0.3251879244333225)	(90, 0.3307615235310916)
