Sample	0	1	2	3	4	5	6	7	8	9	10	11	12	13	14	15	16	17	18	19	20	21	22	23	24	25	26	27	28	29	30	31	32	33	34	35	36	37	38	39	40	41	42	43	44	45	46	47	48	49	50	51	52	53	54
NIST7035_L001_R1	(1, 32.28381462106073)	(2, 32.485979502066165)	(3, 32.28317959167301)	(4, 35.85749101653611)	(5, 35.97347344999051)	(6, 36.06048326328129)	(7, 36.066812925379885)	(8, 36.080950668370136)	(9, 37.87808320722988)	(10, 37.81485853564433)	(12, 37.77606854023464)	(14, 39.23172147475953)	(16, 39.20548042905514)	(18, 39.203627443890596)	(20, 39.187463387100415)	(22, 39.16243148703313)	(24, 39.12751801660978)	(26, 39.04314610228475)	(28, 38.96986683974383)	(30, 38.92068774248355)	(32, 38.85979507238158)	(34, 38.79634156151779)	(36, 38.71278255222006)	(38, 38.61744442603727)	(40, 38.529417139893496)	(42, 38.41861141919013)	(44, 38.44093468528153)	(46, 38.367622240228165)	(48, 38.22640909894017)	(50, 38.073120510154666)	(52, 37.90180415131676)	(54, 37.707980758869944)	(56, 37.4849904376821)	(58, 37.24998613764534)	(60, 37.03357862846293)	(62, 36.80295473617985)	(64, 36.6189289705389)	(66, 36.3590762966962)	(68, 36.0844614357637)	(70, 35.808797143111995)	(72, 35.523086741748386)	(74, 35.2522380049947)	(76, 34.97925880816747)	(78, 34.71087498616538)	(80, 34.47711852377874)	(82, 34.2488187101882)	(84, 34.042488761269965)	(86, 33.85575442508905)	(88, 33.693488250418596)	(90, 33.5507157674062)	(92, 33.427143329618815)	(94, 33.30885238049128)	(96, 33.18896178790442)	(98, 33.065528541976065)	(100, 32.77939588238448)
NIST7035_L001_R2	(1, 31.913457491257414)	(2, 32.05530887605297)	(3, 32.13970002441253)	(4, 35.78309109495781)	(5, 35.80443948746473)	(6, 35.88781302832932)	(7, 35.8438649311815)	(8, 35.83497446738854)	(9, 37.52292342457781)	(10, 37.454323651024666)	(12, 37.40405149482473)	(14, 38.76909832424924)	(16, 38.72885686378203)	(18, 38.6913963070057)	(20, 38.6759082028238)	(22, 38.604785898374644)	(24, 38.55110227516598)	(26, 38.48414885749614)	(28, 38.37862892879495)	(30, 38.281768787056016)	(32, 38.167868103908944)	(34, 38.05190895585072)	(36, 37.93803196737253)	(38, 37.803122663646455)	(40, 37.68639135321014)	(42, 37.95123853878399)	(44, 37.963600424633604)	(46, 37.83939959466687)	(48, 37.688644643504276)	(50, 37.5207367884895)	(52, 37.35232569639834)	(54, 37.17082574303497)	(56, 36.947695280357934)	(58, 36.68622945166761)	(60, 36.45936706701396)	(62, 36.19976728473005)	(64, 35.927616027786826)	(66, 35.64404111118881)	(68, 35.43190513188907)	(70, 35.120583591577585)	(72, 34.86142779005422)	(74, 34.55037572146844)	(76, 34.26551129106687)	(78, 33.92892745974202)	(80, 33.646158186001685)	(82, 33.39164541021327)	(84, 33.13718670469532)	(86, 32.893391412699884)	(88, 32.67185480087912)	(90, 32.48468142349539)	(92, 32.29191378955315)	(94, 32.106571610872884)	(96, 31.887237680476325)	(98, 31.65100707430934)	(100, 31.128355240324673)
NIST7035_L002_R1	(1, 32.327976370717245)	(2, 32.500474168101725)	(3, 32.24456414655349)	(4, 35.958535679181885)	(5, 36.01216966297488)	(6, 36.08502080485212)	(7, 36.05348031772812)	(8, 36.05387767851989)	(9, 37.83298875505999)	(10, 37.769119515569656)	(12, 37.730884317079095)	(14, 39.164985008427195)	(16, 39.13988860356225)	(18, 39.135136258073935)	(20, 39.120182635791934)	(22, 39.089714688219786)	(24, 39.053347393013055)	(26, 38.954915646221636)	(28, 38.8938006896834)	(30, 38.82721176584688)	(32, 38.7820214596921)	(34, 38.7103222491243)	(36, 38.63584692980909)	(38, 38.54578761441216)	(40, 38.464053651782024)	(42, 38.34715259490959)	(44, 38.22855248617111)	(46, 38.23263755206749)	(48, 38.148277846068524)	(50, 38.00162868314936)	(52, 37.8284352715243)	(54, 37.645821994346655)	(56, 37.44100074667013)	(58, 37.208751418388644)	(60, 36.98881089014706)	(62, 36.74225861434162)	(64, 36.48566148889034)	(66, 36.215547773301196)	(68, 36.003073495141564)	(70, 35.74481552463698)	(72, 35.46731783239231)	(74, 35.208228395614725)	(76, 34.929040525044485)	(78, 34.66832596587844)	(80, 34.43485737189164)	(82, 34.201623585127436)	(84, 33.999091794537726)	(86, 33.81336688666653)	(88, 33.65889762317607)	(90, 33.51496570902144)	(92, 33.37429568087855)	(94, 33.26320218948564)	(96, 33.13277987349525)	(98, 33.00762420718645)	(100, 32.72723552110271)
NIST7035_L002_R2	(1, 31.933640181880534)	(2, 32.04024826509624)	(3, 32.11714750717837)	(4, 35.76807484869783)	(5, 35.77682959590918)	(6, 35.854048414019076)	(7, 35.81476216948292)	(8, 35.79341380146592)	(9, 37.49021254686764)	(10, 37.41876528622375)	(12, 37.36612010008717)	(14, 38.73179988284956)	(16, 38.67987322910501)	(18, 38.64435344629645)	(20, 38.62671691776353)	(22, 38.55330376036025)	(24, 38.50379213752272)	(26, 38.41661847560797)	(28, 38.310506041739075)	(30, 38.22558681031243)	(32, 38.132972028632366)	(34, 38.01389842583896)	(36, 37.892206339720055)	(38, 37.75232059203138)	(40, 37.642619781812)	(42, 37.92573384213725)	(44, 37.91310643390058)	(46, 37.785179186860915)	(48, 37.65119370194269)	(50, 37.50276726643601)	(52, 37.331561758026936)	(54, 37.134549582995945)	(56, 36.92739883367304)	(58, 36.693717292563164)	(60, 36.45464365844465)	(62, 36.18890708570855)	(64, 35.90036956692431)	(66, 35.62885098378422)	(68, 35.22458015184545)	(70, 34.873733208127405)	(72, 34.65878449181942)	(74, 34.49951407112099)	(76, 34.25452507085113)	(78, 33.94464586159533)	(80, 33.65879392070005)	(82, 33.38108298674861)	(84, 33.131404807755324)	(86, 32.88917765890423)	(88, 32.66518694833759)	(90, 32.47606475525493)	(92, 32.2779594326199)	(94, 32.090143594771966)	(96, 31.889896867787193)	(98, 31.6686011554033)	(100, 31.190440942911497)
NIST7035_TAAGGCGA_L001_R1_001	(1, 32.121656524114584)	(2, 32.33185944346291)	(3, 32.13089416117466)	(4, 35.725010273225735)	(5, 35.81211425905912)	(6, 35.889868396785786)	(7, 35.88586285345119)	(8, 35.89762907512458)	(9, 37.66735250533559)	(10, 37.597351621308555)	(12, 37.54905850130589)	(14, 38.966442487111564)	(16, 38.933800902459936)	(18, 38.93040868381837)	(20, 38.91142563862539)	(22, 38.87844895525922)	(24, 38.833197957412466)	(26, 38.713759742240285)	(28, 38.619007289114755)	(30, 38.55388325457771)	(32, 38.47638467293128)	(34, 38.39628976921351)	(36, 38.29587795912707)	(38, 38.18363360059064)	(40, 38.078254434662725)	(42, 37.95022383307194)	(44, 37.959142334391686)	(46, 37.86880192359531)	(48, 37.708222421598535)	(50, 37.53620585693156)	(52, 37.34823626706566)	(54, 37.13702550244761)	(56, 36.89338995264169)	(58, 36.64059682813475)	(60, 36.406364905571955)	(62, 36.16352092129675)	(64, 35.97251569345981)	(66, 35.705599469821365)	(68, 35.4216227370566)	(70, 35.139572574412455)	(72, 34.846714092291826)	(74, 34.5707463425485)	(76, 34.29258122134522)	(78, 34.01924634764676)	(80, 33.78010498142801)	(82, 33.545963119738346)	(84, 33.332850063569765)	(86, 33.13651288061051)	(88, 32.96151910988278)	(90, 32.80418424944966)	(92, 32.66336426141026)	(94, 32.523380411485384)	(96, 32.37616167141893)	(98, 32.222655449917795)	(100, 31.903489466565414)
NIST7035_TAAGGCGA_L001_R2_001	(1, 31.394473256994182)	(2, 31.521774981757662)	(3, 31.609132890250667)	(4, 35.20136839069758)	(5, 35.19968156217576)	(6, 35.281893849240824)	(7, 35.2134063541646)	(8, 35.193731901823305)	(9, 36.81532645494961)	(10, 36.7195407147908)	(12, 36.638230100655335)	(14, 37.92529201848319)	(16, 37.85839980612782)	(18, 37.79618605690382)	(20, 37.75721484361581)	(22, 37.65763214298548)	(24, 37.57721030765626)	(26, 37.48208944393511)	(28, 37.34406827262602)	(30, 37.21413307784655)	(32, 37.06713420609472)	(34, 36.91502072315787)	(36, 36.76413215719129)	(38, 36.59633758883952)	(40, 36.44721405759401)	(42, 36.67219547372217)	(44, 36.65045298713528)	(46, 36.49187774173363)	(48, 36.30555805518408)	(50, 36.10226608897034)	(52, 35.897872058815814)	(54, 35.68238227665374)	(56, 35.42566614605097)	(58, 35.132602149918114)	(60, 34.87291658437691)	(62, 34.587248444562846)	(64, 34.297680562522345)	(66, 34.002432262294484)	(68, 33.77813567013457)	(70, 33.46154722451644)	(72, 33.20276110451309)	(74, 32.894437173247816)	(76, 32.615807715110854)	(78, 32.28978332032042)	(80, 32.015824776931666)	(82, 31.770666780115153)	(84, 31.5256799954779)	(86, 31.290048478933972)	(88, 31.07577665933013)	(90, 30.89468832404214)	(92, 30.708442933381882)	(94, 30.52863482862596)	(96, 30.31424560072805)	(98, 30.083562804181277)	(100, 29.56933813598593)
NIST7035_TAAGGCGA_L002_R1_001	(1, 32.1681028542626)	(2, 32.34704640950673)	(3, 32.09292934001702)	(4, 35.81991675977898)	(5, 35.8487759919314)	(6, 35.914511292690236)	(7, 35.870612637732165)	(8, 35.86954486896536)	(9, 37.62046698434111)	(10, 37.54917471171603)	(12, 37.501495721204016)	(14, 38.896887013855405)	(16, 38.86521178376967)	(18, 38.85765499739965)	(20, 38.839190886793396)	(22, 38.80186346020402)	(24, 38.75457233649017)	(26, 38.61786731774873)	(28, 38.53501243844511)	(30, 38.45097892966731)	(32, 38.38962238405392)	(34, 38.30121130983164)	(36, 38.20925844724113)	(38, 38.10182733214169)	(40, 38.00215197483078)	(42, 37.86657807036329)	(44, 37.729852729586796)	(46, 37.7187098931163)	(48, 37.61610571051613)	(50, 37.450595457478876)	(52, 37.2576476649569)	(54, 37.055952656699404)	(56, 36.831139403333395)	(58, 36.5792617638361)	(60, 36.3429156948752)	(62, 36.082438872435404)	(64, 35.815056661330004)	(66, 35.53584132011163)	(68, 35.31678767625177)	(70, 35.05234507058326)	(72, 34.76913095014376)	(74, 34.505613446243245)	(76, 34.22191725411187)	(78, 33.95556962154398)	(80, 33.717561540317995)	(82, 33.47827756549304)	(84, 33.269935867833446)	(86, 33.07488553377027)	(88, 32.90822882174443)	(90, 32.748185511772945)	(92, 32.58968218473774)	(94, 32.45688572218006)	(96, 32.29917934912188)	(98, 32.14312646618505)	(100, 31.830759500247897)
NIST7035_TAAGGCGA_L002_R2_001	(1, 31.418755660184495)	(2, 31.508918095643217)	(3, 31.585904762737204)	(4, 35.18686900323939)	(5, 35.174349998373266)	(6, 35.24752277548983)	(7, 35.1850270547714)	(8, 35.149461114016574)	(9, 36.78112702073139)	(10, 36.68312477146816)	(12, 36.5981316353144)	(14, 37.88674879488147)	(16, 37.806455681696235)	(18, 37.74698510348699)	(20, 37.70487668142381)	(22, 37.60353098394098)	(24, 37.52670123597792)	(26, 37.40908781012955)	(28, 37.270014072462985)	(30, 37.150623524710085)	(32, 37.02249811954407)	(34, 36.86760208726966)	(36, 36.71082904676788)	(38, 36.53590138787117)	(40, 36.39334626951049)	(42, 36.6359416434675)	(44, 36.587000040304154)	(46, 36.42383252700743)	(48, 36.25391671413331)	(50, 36.06961965016964)	(52, 35.86282432098424)	(54, 35.63210429938509)	(56, 35.38990490161659)	(58, 35.12262546610785)	(60, 34.850107413002505)	(62, 34.557358446221386)	(64, 34.25080875386835)	(66, 33.965876972293565)	(68, 33.54579103217971)	(70, 33.18264473926368)	(72, 32.96688690702511)	(74, 32.81200347586922)	(76, 32.57610366617282)	(78, 32.28094693885083)	(80, 32.00628361208756)	(82, 31.739899025950535)	(84, 31.49947298674673)	(86, 31.265680695911946)	(88, 31.04824982846454)	(90, 30.8651419798858)	(92, 30.673732033694275)	(94, 30.490290291894347)	(96, 30.29286555747688)	(98, 30.072643433020563)	(100, 29.587286418325085)
NIST7086_CGTACTAG_L001_R1_001	(1, 32.13695600226273)	(2, 32.34643851965692)	(3, 32.145441327264344)	(4, 35.7354670722564)	(5, 35.82586825150538)	(6, 35.90340273921663)	(7, 35.900892832349406)	(8, 35.91267965701701)	(9, 37.68411319177999)	(10, 37.61641138994631)	(12, 37.56799462662332)	(14, 38.99064625400196)	(16, 38.95915943961526)	(18, 38.95531194662918)	(20, 38.93835334674216)	(22, 38.90575457827797)	(24, 38.862003113805756)	(26, 38.74399381808142)	(28, 38.650939941570634)	(30, 38.58520400359191)	(32, 38.50805307642021)	(34, 38.4268252629131)	(36, 38.325531916276816)	(38, 38.214760955877445)	(40, 38.111388511442414)	(42, 37.984571834527344)	(44, 37.993322169214096)	(46, 37.90492950519483)	(48, 37.747181665880504)	(50, 37.57784077891208)	(52, 37.39244458641447)	(54, 37.18277367857125)	(56, 36.94393717092619)	(58, 36.69382344940544)	(60, 36.46316307331736)	(62, 36.22334530543725)	(64, 36.033651122063176)	(66, 35.76824102015587)	(68, 35.48538896707147)	(70, 35.20374949466131)	(72, 34.90875698430773)	(74, 34.629692498679596)	(76, 34.348389129318505)	(78, 34.07065087623151)	(80, 33.82799678032039)	(82, 33.58929516896677)	(84, 33.37236821050248)	(86, 33.17289446392121)	(88, 32.99576681042293)	(90, 32.83674764902)	(92, 32.69678561872726)	(94, 32.55665040574297)	(96, 32.41019410577968)	(98, 32.26026214830493)	(100, 31.93990750990176)
NIST7086_CGTACTAG_L001_R2_001	(1, 31.432457403651775)	(2, 31.542175267477752)	(3, 31.631632590609676)	(4, 35.213840851723575)	(5, 35.22105601553411)	(6, 35.2784883089726)	(7, 35.20959596029953)	(8, 35.18869000702204)	(9, 36.81230850415012)	(10, 36.717153751403174)	(12, 36.641708205901615)	(14, 37.93367982873697)	(16, 37.868603930650394)	(18, 37.80369759325513)	(20, 37.76895880309051)	(22, 37.66826487427805)	(24, 37.59025165564882)	(26, 37.499441352896966)	(28, 37.36119991203183)	(30, 37.23033265471908)	(32, 37.08838437521099)	(34, 36.9391569200033)	(36, 36.78586395525585)	(38, 36.61880655370298)	(40, 36.47186033176965)	(42, 36.697708926958285)	(44, 36.6745900940522)	(46, 36.51754162583791)	(48, 36.334886521339016)	(50, 36.134310850834794)	(52, 35.93508191432186)	(54, 35.72229211599205)	(56, 35.46935850474914)	(58, 35.17949012638088)	(60, 34.92432236786688)	(62, 34.64111398889867)	(64, 34.35408168316395)	(66, 34.05991670699625)	(68, 33.83775577242359)	(70, 33.52381903985231)	(72, 33.26393311521462)	(74, 32.955662746640805)	(76, 32.67323641789376)	(78, 32.34224976923679)	(80, 32.063984213279724)	(82, 31.81387592475935)	(84, 31.565932779761674)	(86, 31.326010902592245)	(88, 31.108615614851722)	(90, 30.924564879358137)	(92, 30.73459475064432)	(94, 30.555602788605857)	(96, 30.34082934147113)	(98, 30.10973316445525)	(100, 29.59431563280384)
NIST7086_CGTACTAG_L002_R1_001	(1, 32.182676320746566)	(2, 32.36284063752954)	(3, 32.10830774028434)	(4, 35.83255674239749)	(5, 35.862404333210264)	(6, 35.92821243384644)	(7, 35.88649182097246)	(8, 35.88540957799649)	(9, 37.63783918972812)	(10, 37.56649194702709)	(12, 37.52044224806931)	(14, 38.92084081820784)	(16, 38.88920471309143)	(18, 38.88295208352782)	(20, 38.86594279183977)	(22, 38.827760249383566)	(24, 38.78301316065188)	(26, 38.64800332656353)	(28, 38.56597909648788)	(30, 38.48063784832412)	(32, 38.420378549374234)	(34, 38.331451549257125)	(36, 38.239126531815)	(38, 38.13189434356318)	(40, 38.03243358336605)	(42, 37.89917992782733)	(44, 37.763956737136084)	(46, 37.75441928822246)	(48, 37.65369866676215)	(50, 37.49142479096396)	(52, 37.30110428426818)	(54, 37.1022235032702)	(56, 36.88155301410332)	(58, 36.63290807858575)	(60, 36.399515913666825)	(62, 36.14131653926319)	(64, 35.875929721435696)	(66, 35.598734370367154)	(68, 35.37897770879078)	(70, 35.11442819516984)	(72, 34.82891618408142)	(74, 34.56259868570689)	(76, 34.27516466114962)	(78, 34.00679601181406)	(80, 33.764189230293965)	(82, 33.51983401162297)	(84, 33.3083414644662)	(86, 33.11039216327473)	(88, 32.940927647014874)	(90, 32.779216404202046)	(92, 32.61872816537345)	(94, 32.48861377261973)	(96, 32.33157155235551)	(98, 32.18013634270199)	(100, 31.86793128085941)
NIST7086_CGTACTAG_L002_R2_001	(1, 31.45225621353436)	(2, 31.525673127179807)	(3, 31.60501136592619)	(4, 35.19493499691349)	(5, 35.19222400018123)	(6, 35.24313440694126)	(7, 35.17945585320079)	(8, 35.14167919753255)	(9, 36.775273908499315)	(10, 36.67839665173315)	(12, 36.5986532797863)	(14, 37.890695194961765)	(16, 37.813077579137186)	(18, 37.750726709533765)	(20, 37.71265222695607)	(22, 37.609983284972806)	(24, 37.5363703015647)	(26, 37.4210834962148)	(28, 37.28346880705)	(30, 37.16626615394705)	(32, 37.04334861304278)	(34, 36.88998380837357)	(36, 36.73228053203094)	(38, 36.557539076479905)	(40, 36.41725593402191)	(42, 36.660992274677795)	(44, 36.612771627184465)	(46, 36.45000638950846)	(48, 36.281449146911555)	(50, 36.098778124113394)	(52, 35.898022463118515)	(54, 35.67106842446505)	(56, 35.43357121730595)	(58, 35.168274624453105)	(60, 34.899410457090546)	(62, 34.61103769088371)	(64, 34.30528438838931)	(66, 34.01993522070613)	(68, 33.60044697785841)	(70, 33.237705859549195)	(72, 33.02322360246972)	(74, 32.868181175037456)	(76, 32.628679950389284)	(78, 32.329924826679445)	(80, 32.0489235390953)	(82, 31.779664743085128)	(84, 31.534598046482007)	(86, 31.29768347663066)	(88, 31.075256306522487)	(90, 30.88974023976322)	(92, 30.695979880218864)	(94, 30.51251841265428)	(96, 30.314947663577353)	(98, 30.09485133956798)	(100, 29.60796127272797)
NIST7086_L001_R1	(1, 32.30001632972862)	(2, 32.50153053735422)	(3, 32.298027031671566)	(4, 35.868400815375836)	(5, 35.98694162266985)	(6, 36.07405981575172)	(7, 36.08212310453154)	(8, 36.09608283570578)	(9, 37.89522157151745)	(10, 37.83366805263785)	(12, 37.79470061730109)	(14, 39.25602707285216)	(16, 39.231027108479765)	(18, 39.228659568107915)	(20, 39.214516907608385)	(22, 39.18952388150444)	(24, 39.156003291106344)	(26, 39.07315830981047)	(28, 39.00091193746829)	(30, 38.95134345947379)	(32, 38.890603302854146)	(34, 38.82619521419703)	(36, 38.74225415479361)	(38, 38.648287547341056)	(40, 38.562411268008795)	(42, 38.452731609633524)	(44, 38.47547089715056)	(46, 38.403739735825845)	(48, 38.2651455533518)	(50, 38.11493198306066)	(52, 37.9464050296531)	(54, 37.75437307159362)	(56, 37.53610501130984)	(58, 37.30355284313053)	(60, 37.08969531025055)	(62, 36.86157314561345)	(64, 36.67864732388816)	(66, 36.419224432071005)	(68, 36.14452248187659)	(70, 35.868251195535706)	(72, 35.579845315491895)	(74, 35.30549310503339)	(76, 35.02905431126133)	(78, 34.756795751410685)	(80, 34.51884527602677)	(82, 34.284904921501806)	(84, 34.07505561402273)	(86, 33.884127742070746)	(88, 33.71868240533347)	(90, 33.57310633537126)	(92, 33.447928626554585)	(94, 33.32679450671671)	(96, 33.2033286177772)	(98, 33.079560592471836)	(100, 32.79231011308435)
NIST7086_L001_R2	(1, 31.96229518242538)	(2, 32.08525233853459)	(3, 32.17160736373952)	(4, 35.804909474186175)	(5, 35.83578455353131)	(6, 35.89676471367273)	(7, 35.85137558675595)	(8, 35.83937168826052)	(9, 37.530343982318094)	(10, 37.46198212634296)	(12, 37.41799028953646)	(14, 38.78779028697127)	(16, 38.74885707870639)	(18, 38.709285441880574)	(20, 38.69805888019826)	(22, 38.6255574430817)	(24, 38.5737021709794)	(26, 38.51116776783739)	(28, 38.4057532193781)	(30, 38.308163277315515)	(32, 38.199549353135396)	(34, 38.086059038550545)	(36, 37.97024022712853)	(38, 37.83528505516148)	(40, 37.720351256485245)	(42, 37.98549124982798)	(44, 37.99593933060179)	(46, 37.873083799398486)	(48, 37.725393460081804)	(50, 37.56112077113746)	(52, 37.39799112206072)	(54, 37.2185464266895)	(56, 36.99864619620381)	(58, 36.74066509749039)	(60, 36.517294885423695)	(62, 36.25946775900198)	(64, 35.98938505857511)	(66, 35.70634848692272)	(68, 35.4956667628184)	(70, 35.18603657206873)	(72, 34.92445083119621)	(74, 34.61216870992527)	(76, 34.32240422932384)	(78, 33.980113961413636)	(80, 33.69177099989764)	(82, 33.43163923354383)	(84, 33.17440098406924)	(86, 32.925123477141454)	(88, 32.70002217253588)	(90, 32.508603467824514)	(92, 32.311311962747595)	(94, 32.12602649481191)	(96, 31.904910258321564)	(98, 31.667123790246194)	(100, 31.138444978257088)
NIST7086_L002_R1	(1, 32.343076878397284)	(2, 32.51646169632961)	(3, 32.260465733135206)	(4, 35.97085179502321)	(5, 36.02585632069855)	(6, 36.09855991558526)	(7, 36.06896011113316)	(8, 36.06999244914061)	(9, 37.850426381541055)	(10, 37.78660888968484)	(12, 37.750131825420254)	(14, 39.189330829287655)	(16, 39.16435643444547)	(18, 39.16076365326066)	(20, 39.147287900453335)	(22, 39.116062143794636)	(24, 39.08208841803448)	(26, 38.98565504764201)	(28, 38.92515578408774)	(30, 38.85729647829133)	(32, 38.81344798630886)	(34, 38.7417188854768)	(36, 38.66668552324913)	(38, 38.577798138022644)	(40, 38.495875649213176)	(42, 38.38129176611796)	(44, 38.264232398980425)	(46, 38.269343219625185)	(48, 38.18712912697585)	(50, 38.04376153280322)	(52, 37.87268282883516)	(54, 37.693128574770085)	(56, 37.491869383581914)	(58, 37.26244546232935)	(60, 37.04548005017783)	(62, 36.80060898762276)	(64, 36.54519069768347)	(66, 36.27596719614725)	(68, 36.06211891312677)	(70, 35.8030507126997)	(72, 35.5231462807029)	(74, 35.2605373555523)	(76, 34.97739110149513)	(78, 34.71387062496348)	(80, 34.47521967901059)	(82, 34.23695167369226)	(84, 34.03084612547287)	(86, 33.84149018083664)	(88, 33.68289653942312)	(90, 33.535218152238215)	(92, 33.39120735277446)	(94, 33.280411811627985)	(96, 33.14678612767091)	(98, 33.02230981410977)	(100, 32.742069289944865)
NIST7086_L002_R2	(1, 31.980059826039817)	(2, 32.0678201249764)	(3, 32.14842743672525)	(4, 35.78760023039802)	(5, 35.80664146486672)	(6, 35.863942226245044)	(7, 35.82184942811921)	(8, 35.796551290180496)	(9, 37.495873987773415)	(10, 37.425302058577245)	(12, 37.378421410558616)	(14, 38.747410103630706)	(16, 38.69768128112915)	(18, 38.65929697142774)	(20, 38.64506942386647)	(22, 38.57138211799339)	(24, 38.52452310441534)	(26, 38.438735750692366)	(28, 38.33389017828069)	(30, 38.251057554979496)	(32, 38.16370086183717)	(34, 38.04583661515631)	(36, 37.9234150145213)	(38, 37.783304565751)	(40, 37.67543453285716)	(42, 37.95994776284399)	(44, 37.94773369198241)	(46, 37.82051778313273)	(48, 37.68774646680036)	(50, 37.54050154086819)	(52, 37.375146448788605)	(54, 37.18181419085987)	(56, 36.97803305790187)	(58, 36.74552388247639)	(60, 36.51017024731376)	(62, 36.247905177284814)	(64, 35.95998836464678)	(66, 35.68690790084335)	(68, 35.282450442954016)	(70, 34.93107264367348)	(72, 34.716866448373516)	(74, 34.55679044968264)	(76, 34.307269536431185)	(78, 33.99209151397119)	(80, 33.69932098200638)	(82, 33.41808906347051)	(84, 33.162968901515754)	(86, 32.91709492673017)	(88, 32.68678994753464)	(90, 32.494631909287946)	(92, 32.294001008338995)	(94, 32.10461293910538)	(96, 31.902679478698385)	(98, 31.680268859447658)	(100, 31.19563245470343)
