Sample	0	1	2	3	4	5	6	7	8	9	10	11	12	13	14	15	16	17	18	19	20	21	22	23	24	25	26	27	28	29	30	31	32	33	34	35	36	37	38	39	40	41	42	43	44	45	46	47	48	49	50	51	52	53	54	55	56	57	58	59	60	61	62	63	64	65	66	67	68	69	70	71	72	73	74	75	76	77	78	79	80	81	82	83	84	85	86	87	88	89	90	91	92	93	94	95	96	97	98	99	100
NIST7035_L001_R1	(0.0, 0.0)	(1.0, 5.066350060318697e-06)	(2.0, 5.066350060318697e-06)	(3.0, 2.0265400241274788e-05)	(4.0, 4.0530800482549576e-05)	(5.0, 4.8130325573027625e-05)	(6.0, 9.626065114605525e-05)	(7.0, 0.0001139928763571707)	(8.0, 0.00013932462665876418)	(9.0, 0.00020012082738258852)	(10.0, 0.0003039810036191218)	(11.0, 0.0005572985066350567)	(12.0, 0.0009398079361891183)	(13.0, 0.0014768410425829003)	(14.0, 0.002533175030159349)	(15.0, 0.004959956709052004)	(16.0, 0.009542470338610266)	(17.0, 0.017028002552731143)	(18.0, 0.030159981909077205)	(19.0, 0.05162357393961736)	(20.0, 0.08473723793386037)	(21.0, 0.13051677707890014)	(22.0, 0.19026930969029882)	(23.0, 0.27010485394080086)	(24.0, 0.36980555677781246)	(25.0, 0.48663305599373147)	(26.0, 0.6222237826580408)	(27.0, 0.7723625335205552)	(28.0, 0.9285454400050299)	(29.0, 1.0942809495282355)	(30.0, 1.2627750866592844)	(31.0, 1.4245107128098684)	(32.0, 1.5766912027466913)	(33.0, 1.7106252329412763)	(34.0, 1.832916790697249)	(35.0, 1.9510058110781874)	(36.0, 2.0543238878582666)	(37.0, 2.1446290445084175)	(38.0, 2.2240694134542145)	(39.0, 2.2854001141094025)	(40.0, 2.323324277485918)	(41.0, 2.343001981120196)	(42.0, 2.342034308258675)	(43.0, 2.334708366071454)	(44.0, 2.3563163490787136)	(45.0, 2.390808060289363)	(46.0, 2.4199598385364367)	(47.0, 2.435503400521495)	(48.0, 2.4267588803173847)	(49.0, 2.4086542783768357)	(50.0, 2.3800977962618495)	(51.0, 2.3380800220365963)	(52.0, 2.3150205297370556)	(53.0, 2.323423071312094)	(54.0, 2.3368868965973912)	(55.0, 2.3771567800518345)	(56.0, 2.474901871765563)	(57.0, 2.6420508929555973)	(58.0, 2.865423733940019)	(59.0, 3.0483823004932775)	(60.0, 3.143399162699525)	(61.0, 3.148944282840543)	(62.0, 3.0502365846153543)	(63.0, 2.8667384517806713)	(64.0, 2.6184898320000856)	(65.0, 2.305186744269977)	(66.0, 1.9898647160408318)	(67.0, 1.7111647992227002)	(68.0, 1.4626071320884348)	(69.0, 1.2241467006243847)	(70.0, 0.9885132924939921)	(71.0, 0.7819176697343163)	(72.0, 0.6008133873031339)	(73.0, 0.45139152497415463)	(74.0, 0.340101546374164)	(75.0, 0.2614211299374146)	(76.0, 0.19839066883698972)	(77.0, 0.14641245039315004)	(78.0, 0.10616029916391799)	(79.0, 0.0725400001636431)	(80.0, 0.04691186838352098)	(81.0, 0.029301235573853182)	(82.0, 0.016825348550318392)	(83.0, 0.009281553310503853)	(84.0, 0.004764902231729735)	(85.0, 0.0023254546776862823)	(86.0, 0.0011804595640542564)	(87.0, 0.0007852842593493981)	(88.0, 0.0004889027808207542)	(89.0, 0.00028878195343816577)	(90.0, 0.00019505447732226985)	(91.0, 0.00013679145162860483)	(92.0, 0.00011652605138733004)	(93.0, 7.852842593493982e-05)	(94.0, 4.5597150542868275e-05)	(95.0, 4.3063975512708926e-05)	(96.0, 3.0398100361912184e-05)	(97.0, 2.5331750301593485e-06)	(98.0, 1.0132700120637394e-05)	(99.0, 2.0265400241274788e-05)	(100.0, 1.2665875150796742e-05)
NIST7035_L001_R2	(0.0, 5.0663757283516744e-05)	(1.0, 3.0398254370110048e-05)	(2.0, 5.066375728351674e-06)	(3.0, 2.0265502913406696e-05)	(4.0, 4.8130569419340904e-05)	(5.0, 9.119476311033014e-05)	(6.0, 0.00013679214466549521)	(7.0, 0.00015452445971472607)	(8.0, 0.00016719039903560526)	(9.0, 0.00025585197428175957)	(10.0, 0.0004078432461323098)	(11.0, 0.0005699672694395633)	(12.0, 0.0009119476311033013)	(13.0, 0.0014439170825802272)	(14.0, 0.0026319821908786945)	(15.0, 0.0049929132802905745)	(16.0, 0.009491854927066862)	(17.0, 0.01693436087201547)	(18.0, 0.02974469190115268)	(19.0, 0.050823348118959825)	(20.0, 0.08289350647942592)	(21.0, 0.12766000241514133)	(22.0, 0.18604238312080185)	(23.0, 0.26355033220098995)	(24.0, 0.36016358415279215)	(25.0, 0.4748865961455875)	(26.0, 0.60910502194108)	(27.0, 0.7574409037036245)	(28.0, 0.9129558398732434)	(29.0, 1.0748113452668941)	(30.0, 1.242239863961732)	(31.0, 1.404067504288877)	(32.0, 1.5554305455491115)	(33.0, 1.6931903679787221)	(34.0, 1.8186642292670796)	(35.0, 1.9395479541455505)	(36.0, 2.0460203732647253)	(37.0, 2.1358978786856837)	(38.0, 2.216129004719861)	(39.0, 2.280869686964603)	(40.0, 2.3223835696827164)	(41.0, 2.3421221695203744)	(42.0, 2.3404502655300186)	(43.0, 2.33969284235863)	(44.0, 2.3616834462075404)	(45.0, 2.3948631408525154)	(46.0, 2.424562235372113)	(47.0, 2.4420665635135683)	(48.0, 2.435571469829821)	(49.0, 2.414563742872211)	(50.0, 2.3864808222099576)	(51.0, 2.3465831133491886)	(52.0, 2.324060540048801)	(53.0, 2.326869845390172)	(54.0, 2.335946257507514)	(55.0, 2.377526003110096)	(56.0, 2.469083012085003)	(57.0, 2.632402700064148)	(58.0, 2.8540439722402127)	(59.0, 3.0325602542165484)	(60.0, 3.1416165249571826)	(61.0, 3.1578339936636355)	(62.0, 3.05431527159409)	(63.0, 2.875150493524526)	(64.0, 2.6328536075039715)	(65.0, 2.3206838006258548)	(66.0, 2.00932208067641)	(67.0, 1.728888051360688)	(68.0, 1.4741278810483882)	(69.0, 1.2368948375683209)	(70.0, 1.000816927754318)	(71.0, 0.7923406329083751)	(72.0, 0.6119497919125495)	(73.0, 0.4624106459145215)	(74.0, 0.350162558465026)	(75.0, 0.26859897561429236)	(76.0, 0.20369363615837907)	(77.0, 0.152348451339399)	(78.0, 0.11166798742859925)	(79.0, 0.07738888925057183)	(80.0, 0.05174289531365565)	(81.0, 0.03344821255857776)	(82.0, 0.020143909895926255)	(83.0, 0.011672929678122258)	(84.0, 0.006543224253166187)	(85.0, 0.003609792706450568)	(86.0, 0.002024017103476494)	(87.0, 0.0011779323568417643)	(88.0, 0.000747290419931872)	(89.0, 0.0004382415005024198)	(90.0, 0.0002989161679727488)	(91.0, 0.000233053283504177)	(92.0, 0.00017225677476395693)	(93.0, 0.00012665939320879186)	(94.0, 0.000108927078159561)	(95.0, 9.879432670285764e-05)	(96.0, 7.346244806109927e-05)	(97.0, 5.5730133011868416e-05)	(98.0, 4.306419369098923e-05)	(99.0, 3.799781796263756e-05)	(100.0, 0.00014185852039384688)
NIST7035_L002_R1	(0.0, 1.989914615251253e-05)	(1.0, 1.243696634532033e-05)	(2.0, 7.462179807192198e-06)	(3.0, 2.7361325959704725e-05)	(4.0, 5.721004518847352e-05)	(5.0, 5.9697438457537585e-05)	(6.0, 5.9697438457537585e-05)	(7.0, 9.203355095537044e-05)	(8.0, 0.0001392940230675877)	(9.0, 0.00022137800094670188)	(10.0, 0.000378083776897738)	(11.0, 0.0005721004518847352)	(12.0, 0.0008904867903249356)	(13.0, 0.0015197972873981444)	(14.0, 0.002813241787311459)	(15.0, 0.005208601505420154)	(16.0, 0.009626211951277936)	(17.0, 0.01735454283825999)	(18.0, 0.03075164298543905)	(19.0, 0.05223028386380726)	(20.0, 0.08525789169043993)	(21.0, 0.13083191116623175)	(22.0, 0.1920143234054006)	(23.0, 0.27252129395192815)	(24.0, 0.37280801577405315)	(25.0, 0.4915586578324407)	(26.0, 0.6268330533772208)	(27.0, 0.7761537587124059)	(28.0, 0.9336405761499281)	(29.0, 1.1028131671655135)	(30.0, 1.2737244460761745)	(31.0, 1.431843061404039)	(32.0, 1.5824049759804868)	(33.0, 1.719462832499186)	(34.0, 1.8457055030839946)	(35.0, 1.9656774552374925)	(36.0, 2.065307505236585)	(37.0, 2.1561495948160734)	(38.0, 2.242223351498766)	(39.0, 2.3055648210954827)	(40.0, 2.339276462071108)	(41.0, 2.355267913397921)	(42.0, 2.3496638163627197)	(43.0, 2.3440597193275186)	(44.0, 2.363737487479084)	(45.0, 2.3949567603991073)	(46.0, 2.4258228234749235)	(47.0, 2.4432917864035604)	(48.0, 2.437466311367412)	(49.0, 2.417798492788923)	(50.0, 2.382917776976837)	(51.0, 2.337955656245235)	(52.0, 2.3145542603698805)	(53.0, 2.317036678852406)	(54.0, 2.3289612421843)	(55.0, 2.3680779887336008)	(56.0, 2.464061520200245)	(57.0, 2.6299408025275897)	(58.0, 2.8469335291409315)	(59.0, 3.02539902140974)	(60.0, 3.1237878621675694)	(61.0, 3.1296854716085205)	(62.0, 3.025670147276068)	(63.0, 2.842690036223908)	(64.0, 2.5988409244844815)	(65.0, 2.2869466824765383)	(66.0, 1.974781314602267)	(67.0, 1.6999940053822216)	(68.0, 1.4506278553720109)	(69.0, 1.2161338297175341)	(70.0, 0.984303802254225)	(71.0, 0.7761438091393296)	(72.0, 0.5981185854791453)	(73.0, 0.4523250037994932)	(74.0, 0.3424842044308931)	(75.0, 0.26472580344668134)	(76.0, 0.20118285499517072)	(77.0, 0.14868393265830454)	(78.0, 0.10831105250812569)	(79.0, 0.07503221796131755)	(80.0, 0.0492503867274685)	(81.0, 0.030679508580636193)	(82.0, 0.01753860994017073)	(83.0, 0.009544127973398821)	(84.0, 0.005012097437164093)	(85.0, 0.0025023176286784504)	(86.0, 0.001243696634532033)	(87.0, 0.0007188566547595151)	(88.0, 0.0004377812153552756)	(89.0, 0.0002860502259423676)	(90.0, 0.000189041888448869)	(91.0, 0.0001368066297985236)	(92.0, 9.45209442244345e-05)	(93.0, 4.477307884315319e-05)	(94.0, 2.9848719228768793e-05)	(95.0, 2.487393269064066e-05)	(96.0, 1.7411752883448463e-05)	(97.0, 1.989914615251253e-05)	(98.0, 1.7411752883448463e-05)	(99.0, 1.4924359614384396e-05)	(100.0, 9.949573076256265e-06)
NIST7035_L002_R2	(0.0, 2.984815348875665e-05)	(1.0, 1.741142286844138e-05)	(2.0, 2.7360807364693593e-05)	(3.0, 4.725957635719803e-05)	(4.0, 3.979753798500887e-05)	(5.0, 6.715834534970246e-05)	(6.0, 9.700649883845912e-05)	(7.0, 0.00013680403682346797)	(8.0, 0.00019401299767691824)	(9.0, 0.00024375992015817927)	(10.0, 0.0004253361872147822)	(11.0, 0.0006093998003954482)	(12.0, 0.0008879825662905102)	(13.0, 0.00142524932908813)	(14.0, 0.0027311060442212335)	(15.0, 0.005118958323321765)	(16.0, 0.009354908772601147)	(17.0, 0.016844307952155)	(18.0, 0.029865564911625092)	(19.0, 0.051353748077405816)	(20.0, 0.08361213996037956)	(21.0, 0.1287848329194887)	(22.0, 0.18763295486869647)	(23.0, 0.26573562316427635)	(24.0, 0.3639410228345339)	(25.0, 0.48138107008217096)	(26.0, 0.6156753746664593)	(27.0, 0.7633043418218497)	(28.0, 0.917039743711815)	(29.0, 1.0823437924247974)	(30.0, 1.2534309208762262)	(31.0, 1.4160163002756079)	(32.0, 1.5685975735640079)	(33.0, 1.7056403956153858)	(34.0, 1.8340695380391334)	(35.0, 1.9516687754387105)	(36.0, 2.0565974716823106)	(37.0, 2.1506116931335217)	(38.0, 2.23267421645861)	(39.0, 2.2979372040617765)	(40.0, 2.3398315748293705)	(41.0, 2.356143590710976)	(42.0, 2.352166324258599)	(43.0, 2.350196346128341)	(44.0, 2.364739858915738)	(45.0, 2.4004183517192983)	(46.0, 2.4344999683112105)	(47.0, 2.451010971882741)	(48.0, 2.442735571327983)	(49.0, 2.4197126956036556)	(50.0, 2.388138323904799)	(51.0, 2.3451271347275005)	(52.0, 2.3214525743186685)	(53.0, 2.3238056037520325)	(54.0, 2.328277852083098)	(55.0, 2.3647274221851178)	(56.0, 2.4625920554363785)	(57.0, 2.624476003228774)	(58.0, 2.8404298810660524)	(59.0, 3.017531412445466)	(60.0, 3.1212935433568805)	(61.0, 3.130800180243049)	(62.0, 3.0251725397385876)	(63.0, 2.847188000485132)	(64.0, 2.609753401520445)	(65.0, 2.3011085703699568)	(66.0, 1.991436465270231)	(67.0, 1.7176915875864716)	(68.0, 1.4636141557056785)	(69.0, 1.224341407955309)	(70.0, 0.9890683127724329)	(71.0, 0.7833473768895498)	(72.0, 0.6093649775497113)	(73.0, 0.4634597412582967)	(74.0, 0.3525191294328363)	(75.0, 0.2718196717837346)	(76.0, 0.20676064656274137)	(77.0, 0.15500892310548547)	(78.0, 0.11372146479216283)	(79.0, 0.0796174620851343)	(80.0, 0.05362220774255132)	(81.0, 0.03454177562486363)	(82.0, 0.021194676323141284)	(83.0, 0.01236211023659338)	(84.0, 0.006884974071406534)	(85.0, 0.003810614262064599)	(86.0, 0.0020893707442129657)	(87.0, 0.0012113375624187074)	(88.0, 0.0008556470666776906)	(89.0, 0.0005646275701623133)	(90.0, 0.00033827907287257536)	(91.0, 0.00026863338139880983)	(92.0, 0.0002014750360491074)	(93.0, 0.0001417787290715941)	(94.0, 0.00010695588333471132)	(95.0, 9.949384496252216e-05)	(96.0, 8.954446046626995e-05)	(97.0, 7.710772984595467e-05)	(98.0, 6.218365310157634e-05)	(99.0, 3.979753798500887e-05)	(100.0, 0.0001243673062031527)
NIST7035_TAAGGCGA_L001_R1_001	(0.0, 0.0)	(1.0, 4.9497595691412485e-06)	(2.0, 9.899519138282497e-06)	(3.0, 2.4748797845706244e-05)	(4.0, 3.959807655312999e-05)	(5.0, 5.197247547598311e-05)	(6.0, 0.00010394495095196623)	(7.0, 0.00012869374879767245)	(8.0, 0.0001658169455662318)	(9.0, 0.0002474879784570624)	(10.0, 0.00036380732833188176)	(11.0, 0.0006211948259272267)	(12.0, 0.0010394495095196622)	(13.0, 0.0016507448163086066)	(14.0, 0.0026926692056128392)	(15.0, 0.004957184208494961)	(16.0, 0.009362470225030672)	(17.0, 0.016747511502189415)	(18.0, 0.029760429409461758)	(19.0, 0.05070533702628296)	(20.0, 0.08305944044997472)	(21.0, 0.1278918877474716)	(22.0, 0.18632874922075315)	(23.0, 0.2644359552218021)	(24.0, 0.3616814065969356)	(25.0, 0.47589710865486995)	(26.0, 0.6085259163100096)	(27.0, 0.7551996667425878)	(28.0, 0.9079739958441324)	(29.0, 1.070259287957782)	(30.0, 1.2340121837836817)	(31.0, 1.3904716088844522)	(32.0, 1.538835702209892)	(33.0, 1.6712615697226967)	(34.0, 1.7911942440829893)	(35.0, 1.9059519448137447)	(36.0, 2.0075878329267063)	(37.0, 2.0985619389277383)	(38.0, 2.1814332885140857)	(39.0, 2.245777688033137)	(40.0, 2.2874422892063833)	(41.0, 2.312403926713563)	(42.0, 2.3178189636822033)	(43.0, 2.3191257002084567)	(44.0, 2.348940576973179)	(45.0, 2.390352740408399)	(46.0, 2.427946164336027)	(47.0, 2.450749706671061)	(48.0, 2.449244979762042)	(49.0, 2.4425727038628393)	(50.0, 2.4225929993620006)	(51.0, 2.3855712726646088)	(52.0, 2.374728824328405)	(53.0, 2.4042714643168246)	(54.0, 2.442805342562589)	(55.0, 2.5080654476019317)	(56.0, 2.6252138822045823)	(57.0, 2.7959904868590937)	(58.0, 2.999586472336796)	(59.0, 3.143473508131948)	(60.0, 3.191486175952618)	(61.0, 3.151875725000565)	(62.0, 3.012923599495847)	(63.0, 2.809862188051612)	(64.0, 2.5579392250205992)	(65.0, 2.233863616750214)	(66.0, 1.915368862394036)	(67.0, 1.6403750700112556)	(68.0, 1.399457897382228)	(69.0, 1.1773720850339986)	(70.0, 0.9567464517586657)	(71.0, 0.7622431746094757)	(72.0, 0.59059788715058)	(73.0, 0.44765625543313453)	(74.0, 0.33974654706628615)	(75.0, 0.26383208455436685)	(76.0, 0.20276442587008667)	(77.0, 0.1527198817462841)	(78.0, 0.11224322286963152)	(79.0, 0.07695638690122357)	(80.0, 0.050683063108221814)	(81.0, 0.032193236237694677)	(82.0, 0.018935305231749848)	(83.0, 0.010830073937281052)	(84.0, 0.005969410040384346)	(85.0, 0.0033435625889549135)	(86.0, 0.002187793729560432)	(87.0, 0.0016111467397554764)	(88.0, 0.0011384447009024873)	(89.0, 0.0008909567224454247)	(90.0, 0.0006310943450655092)	(91.0, 0.00044300348143814177)	(92.0, 0.00033410877091703426)	(93.0, 0.00025986237737991554)	(94.0, 0.00019551550298107931)	(95.0, 0.0001435430275050962)	(96.0, 9.15705520291131e-05)	(97.0, 5.197247547598311e-05)	(98.0, 4.454783612227124e-05)	(99.0, 4.949759569141249e-05)	(100.0, 2.4748797845706244e-05)
NIST7035_TAAGGCGA_L001_R2_001	(0.0, 0.015372822878403199)	(1.0, 0.008802500157514517)	(2.0, 0.0018065294110164738)	(3.0, 0.001393254874523664)	(4.0, 0.0015318379526290374)	(5.0, 0.00176693424584351)	(6.0, 0.0017471366632570281)	(7.0, 0.0018485992740127476)	(8.0, 0.002039151006407636)	(9.0, 0.002308893069148452)	(10.0, 0.002793933842517259)	(11.0, 0.0030933722791377976)	(12.0, 0.0035462419808035715)	(13.0, 0.004320822399499676)	(14.0, 0.00561756405891424)	(15.0, 0.008087312486577857)	(16.0, 0.012544243266359598)	(17.0, 0.019911418686354175)	(18.0, 0.032913481050026165)	(19.0, 0.05350296693996734)	(20.0, 0.08471880528320269)	(21.0, 0.12850363387103073)	(22.0, 0.1853994115267564)	(23.0, 0.2606698205205606)	(24.0, 0.35388426343118734)	(25.0, 0.4652951594366143)	(26.0, 0.5959468310182783)	(27.0, 0.7401350996934493)	(28.0, 0.890646221307178)	(29.0, 1.0474727717659944)	(30.0, 1.210052994664007)	(31.0, 1.365926786460849)	(32.0, 1.512691215570086)	(33.0, 1.6486882344501002)	(34.0, 1.771163504423547)	(35.0, 1.8880632802010762)	(36.0, 1.9935200532436186)	(37.0, 2.0853585641644847)	(38.0, 2.168765779601333)	(39.0, 2.2374089478243127)	(40.0, 2.284613808803955)	(41.0, 2.311996340218883)	(42.0, 2.3173441622150563)	(43.0, 2.3237684777643697)	(44.0, 2.354254280249729)	(45.0, 2.3935227853100156)	(46.0, 2.4296830699042244)	(47.0, 2.4541083374202968)	(48.0, 2.4553654839145382)	(49.0, 2.4444990857723834)	(50.0, 2.4229073472640015)	(51.0, 2.3911000561409947)	(52.0, 2.3854033017517344)	(53.0, 2.4108629929579504)	(54.0, 2.448248252974698)	(55.0, 2.512825492673979)	(56.0, 2.613530845895766)	(57.0, 2.7643067601765883)	(58.0, 2.946961731817294)	(59.0, 3.0743616504591285)	(60.0, 3.1305249175591543)	(61.0, 3.100155425871491)	(62.0, 2.9619979957917266)	(63.0, 2.768711722302081)	(64.0, 2.5296311655920785)	(65.0, 2.2231101438012257)	(66.0, 1.922864955690288)	(67.0, 1.6546844272759809)	(68.0, 1.4123768646043822)	(69.0, 1.1959571158624318)	(70.0, 0.9815245494725998)	(71.0, 0.7908342339996062)	(72.0, 0.6261183468800766)	(73.0, 0.48733234355319194)	(74.0, 0.38091538775520506)	(75.0, 0.3015765755398788)	(76.0, 0.23635096501089092)	(77.0, 0.18509997309013587)	(78.0, 0.14282965957017368)	(79.0, 0.10569929342922689)	(80.0, 0.07745804186961044)	(81.0, 0.056455281443176464)	(82.0, 0.04069888040216017)	(83.0, 0.029030680165252405)	(84.0, 0.020948317074321165)	(85.0, 0.01601376961464055)	(86.0, 0.012611060107588971)	(87.0, 0.010000253903996672)	(88.0, 0.007876963171596488)	(89.0, 0.006315428845087728)	(90.0, 0.005122624494252193)	(91.0, 0.004209460997450715)	(92.0, 0.0033928107157583363)	(93.0, 0.00270237002305478)	(94.0, 0.002276721997445419)	(95.0, 0.0019178908130654342)	(96.0, 0.001578857211271932)	(97.0, 0.0013907801767003537)	(98.0, 0.0011259875096061584)	(99.0, 0.0008809924250984447)	(100.0, 0.0007721057208727943)
NIST7035_TAAGGCGA_L002_R1_001	(0.0, 2.9135531304865847e-05)	(1.0, 1.699572659450508e-05)	(2.0, 9.711843768288616e-06)	(3.0, 3.1563492246938004e-05)	(4.0, 5.8271062609731695e-05)	(5.0, 5.8271062609731695e-05)	(6.0, 6.798290637802031e-05)	(7.0, 0.00011168620333531908)	(8.0, 0.00015781746123469)	(9.0, 0.00025007997703343186)	(10.0, 0.0004297490867467713)	(11.0, 0.0006506935324753372)	(12.0, 0.001041595244148954)	(13.0, 0.0016631532453194255)	(14.0, 0.0028917014820079353)	(15.0, 0.005193408455092337)	(16.0, 0.009466619713139328)	(17.0, 0.017039429891462378)	(18.0, 0.03030095255706048)	(19.0, 0.05137565353424678)	(20.0, 0.0837306610483003)	(21.0, 0.1282667486087298)	(22.0, 0.18799701574464686)	(23.0, 0.26647356931430305)	(24.0, 0.3637231168880611)	(25.0, 0.47947858276229316)	(26.0, 0.6119117123476187)	(27.0, 0.7576185044032528)	(28.0, 0.9114759613414231)	(29.0, 1.0757445147991989)	(30.0, 1.2414067178377242)	(31.0, 1.395077221783355)	(32.0, 1.5414614149418269)	(33.0, 1.6782891538323033)	(34.0, 1.8031033419814064)	(35.0, 1.9178657718303311)	(36.0, 2.0156009115925038)	(37.0, 2.108421858407922)	(38.0, 2.1950903521961296)	(39.0, 2.2596134142316973)	(40.0, 2.2988759706259456)	(41.0, 2.322436903607814)	(42.0, 2.324801737565392)	(43.0, 2.3273073932576107)	(44.0, 2.356052022850803)	(45.0, 2.3931172745924765)	(46.0, 2.430471453686257)	(47.0, 2.45757720964355)	(48.0, 2.4605878812117195)	(49.0, 2.4495795063003643)	(50.0, 2.4226097161558267)	(51.0, 2.385852815453797)	(52.0, 2.3750411053787492)	(53.0, 2.3968976097792827)	(54.0, 2.433414142348048)	(55.0, 2.498213991931012)	(56.0, 2.6148629474319263)	(57.0, 2.7838126095860174)	(58.0, 2.9823931070771565)	(59.0, 3.1258540352613737)	(60.0, 3.1792254726900038)	(61.0, 3.142313182487681)	(62.0, 2.9973347787146687)	(63.0, 2.7921672231876875)	(64.0, 2.5459889793881656)	(65.0, 2.222096561754798)	(66.0, 1.901746539135914)	(67.0, 1.6283338574491688)	(68.0, 1.3879560123402572)	(69.0, 1.1720423016836647)	(70.0, 0.9548757631809629)	(71.0, 0.7565671973153356)	(72.0, 0.5883944826627079)	(73.0, 0.4501560984648877)	(74.0, 0.3427819537626888)	(75.0, 0.2666872298772054)	(76.0, 0.20480336138567032)	(77.0, 0.15503501799507532)	(78.0, 0.11472601043479341)	(79.0, 0.07949629716532647)	(80.0, 0.05287370543550529)	(81.0, 0.033117387249864176)	(82.0, 0.01924159046592182)	(83.0, 0.010967099575339919)	(84.0, 0.0062447155430095805)	(85.0, 0.003780335186806344)	(86.0, 0.002330842504389268)	(87.0, 0.001638873635898704)	(88.0, 0.0012334041585726542)	(89.0, 0.0008327906031307488)	(90.0, 0.0005875665479814613)	(91.0, 0.00045160073522542066)	(92.0, 0.00027193162551208125)	(93.0, 0.00016510134406090646)	(94.0, 0.0001796691097133394)	(95.0, 0.00015053357840847355)	(96.0, 8.740659391459755e-05)	(97.0, 7.526678920423677e-05)	(98.0, 4.8559218841443075e-05)	(99.0, 2.6707570362793694e-05)	(100.0, 1.2139804710360769e-05)
NIST7035_TAAGGCGA_L002_R2_001	(0.0, 0.002869818339042378)	(1.0, 0.002362380070971433)	(2.0, 0.0019035004888402914)	(3.0, 0.0020127575322048488)	(4.0, 0.002071027955332613)	(5.0, 0.002131726312757367)	(6.0, 0.0022798303048737673)	(7.0, 0.00246435331144502)	(8.0, 0.002636736646531322)	(9.0, 0.0029086652877942207)	(10.0, 0.003248576089372844)	(11.0, 0.0035812030880604975)	(12.0, 0.003896834546669219)	(13.0, 0.004428552157710066)	(14.0, 0.005861033392934264)	(15.0, 0.008308391164300353)	(16.0, 0.01247229848363849)	(17.0, 0.019760957243202974)	(18.0, 0.03256588272552912)	(19.0, 0.05359179373746397)	(20.0, 0.08492671377441907)	(21.0, 0.12896458605322672)	(22.0, 0.18642407912579603)	(23.0, 0.26202024139688185)	(24.0, 0.3566514085563707)	(25.0, 0.47020832356089776)	(26.0, 0.6009234502422545)	(27.0, 0.7436859869052762)	(28.0, 0.8921323177575521)	(29.0, 1.0526042071828203)	(30.0, 1.2181723306974708)	(31.0, 1.3750945801805392)	(32.0, 1.523118450465139)	(33.0, 1.658915243630096)	(34.0, 1.7853839132260167)	(35.0, 1.8992030451346187)	(36.0, 2.0027301635582795)	(37.0, 2.0980799992696775)	(38.0, 2.1814722585683985)	(39.0, 2.2499181543348485)	(40.0, 2.2980762311156484)	(41.0, 2.322418700377272)	(42.0, 2.327488227189387)	(43.0, 2.3331258906269983)	(44.0, 2.355729958931977)	(45.0, 2.398364485187124)	(46.0, 2.4388041588377924)	(47.0, 2.4616874395869246)	(48.0, 2.4615150562518386)	(49.0, 2.4466949453030105)	(50.0, 2.422080547400124)	(51.0, 2.3908888754866915)	(52.0, 2.384382011570758)	(53.0, 2.407335702414503)	(54.0, 2.437663029718207)	(55.0, 2.4994660972480918)	(56.0, 2.6094053901501035)	(57.0, 2.758417429693578)	(58.0, 2.9373658991189417)	(59.0, 3.0642036147280045)	(60.0, 3.1147532067913404)	(61.0, 3.0805751756926094)	(62.0, 2.9390533134553496)	(63.0, 2.745891716655406)	(64.0, 2.5134242915214884)	(65.0, 2.2094542013412104)	(66.0, 1.9069457276077204)	(67.0, 1.6431870852541934)	(68.0, 1.4038801692056548)	(69.0, 1.1854850512570922)	(70.0, 0.9722565774925246)	(71.0, 0.7835793753391218)	(72.0, 0.6242631826392209)	(73.0, 0.49066367001303995)	(74.0, 0.3852257672976479)	(75.0, 0.3056453648452012)	(76.0, 0.23972209281332418)	(77.0, 0.18821832257127177)	(78.0, 0.14530458387197054)	(79.0, 0.10876902857086253)	(80.0, 0.0809667529360281)	(81.0, 0.05865889261528244)	(82.0, 0.0420518220238697)	(83.0, 0.030363746318159034)	(84.0, 0.022276297174884788)	(85.0, 0.017379153697855622)	(86.0, 0.013581864457362997)	(87.0, 0.010406126396899857)	(88.0, 0.008342382244458215)	(89.0, 0.006705954528286843)	(90.0, 0.005453140431039916)	(91.0, 0.0045378092010746225)	(92.0, 0.0035447840736056446)	(93.0, 0.002719286412628988)	(94.0, 0.002219131947449013)	(95.0, 0.001842802131415537)	(96.0, 0.0015563058843706973)	(97.0, 0.0012868051774047888)	(98.0, 0.0011047101051305263)	(99.0, 0.0009007636241833522)	(100.0, 0.0007041009461271487)
NIST7086_CGTACTAG_L001_R1_001	(0.0, 2.3217948179768585e-05)	(1.0, 1.3930768907861151e-05)	(2.0, 4.643589635953717e-06)	(3.0, 1.1608974089884293e-05)	(4.0, 3.714871708762974e-05)	(5.0, 5.804487044942147e-05)	(6.0, 8.590640826514377e-05)	(7.0, 0.0001230551253527735)	(8.0, 0.00016949102171231068)	(9.0, 0.00023914486625161644)	(10.0, 0.0003830961449661817)	(11.0, 0.000657067933487451)	(12.0, 0.0010262333095457715)	(13.0, 0.0016716922689433383)	(14.0, 0.003085665313091245)	(15.0, 0.005609456280232091)	(16.0, 0.010448076680895863)	(17.0, 0.01862775982462834)	(18.0, 0.032751237702381565)	(19.0, 0.056106171776410786)	(20.0, 0.09038050687938518)	(21.0, 0.13778923526765466)	(22.0, 0.19968828511491768)	(23.0, 0.2816569293687727)	(24.0, 0.38276877189684694)	(25.0, 0.5041568485703131)	(26.0, 0.6458165157995351)	(27.0, 0.7967471097369387)	(28.0, 0.9520914356233164)	(29.0, 1.1183249792060055)	(30.0, 1.2870939227299256)	(31.0, 1.4467126728761985)	(32.0, 1.5951217976412795)	(33.0, 1.7339535187822057)	(34.0, 1.8595835145881157)	(35.0, 1.9719816017263752)	(36.0, 2.0704767814945892)	(37.0, 2.1570774064103087)	(38.0, 2.2410961954884367)	(39.0, 2.304574065811924)	(40.0, 2.340027872682431)	(41.0, 2.358483819690529)	(42.0, 2.3525400249565083)	(43.0, 2.3466101609913954)	(44.0, 2.36783600921734)	(45.0, 2.401994254579415)	(46.0, 2.434843007664152)	(47.0, 2.452293617516066)	(48.0, 2.447852024029276)	(49.0, 2.431903615424593)	(50.0, 2.4023239494435678)	(51.0, 2.363489609318087)	(52.0, 2.347736231478114)	(53.0, 2.3621429683236608)	(54.0, 2.387018678003465)	(55.0, 2.4371021140220432)	(56.0, 2.5323560682243618)	(57.0, 2.68945567099313)	(58.0, 2.8814634588501806)	(59.0, 3.01917839668366)	(60.0, 3.0775970760987756)	(61.0, 3.0523243395050974)	(62.0, 2.924049819401512)	(63.0, 2.7281344508658067)	(64.0, 2.491318344816621)	(65.0, 2.1853429365243584)	(66.0, 1.8834306691635556)	(67.0, 1.618525489406486)	(68.0, 1.3810801769616288)	(69.0, 1.1698200664739142)	(70.0, 0.9587224816234583)	(71.0, 0.7664987668483363)	(72.0, 0.5985935309967038)	(73.0, 0.45903508807775084)	(74.0, 0.3527340341314983)	(75.0, 0.2794581896761486)	(76.0, 0.22181498973023717)	(77.0, 0.17211232806180654)	(78.0, 0.130932975170169)	(79.0, 0.09655183750556767)	(80.0, 0.0679426817584568)	(81.0, 0.04565112971106099)	(82.0, 0.029249971116872466)	(83.0, 0.017719938050799387)	(84.0, 0.010132312585651011)	(85.0, 0.005758051148582609)	(86.0, 0.003180858900628296)	(87.0, 0.00213605123253871)	(88.0, 0.0015509589384085415)	(89.0, 0.0010865999748131698)	(90.0, 0.0007661922899323634)	(91.0, 0.0005665179355863535)	(92.0, 0.000410957682781904)	(93.0, 0.0002600410196134082)	(94.0, 0.000197352559528033)	(95.0, 0.0001625256372583801)	(96.0, 0.00010912435644491236)	(97.0, 6.73320497213289e-05)	(98.0, 4.4114101541560314e-05)	(99.0, 3.4826922269652875e-05)	(100.0, 1.857435854381487e-05)
NIST7086_CGTACTAG_L001_R2_001	(0.0, 0.015359879706325415)	(1.0, 0.008773425847975174)	(2.0, 0.0018155117790729252)	(3.0, 0.0015067354790515711)	(4.0, 0.001643711431692623)	(5.0, 0.001722646726434924)	(6.0, 0.0018642659317078761)	(7.0, 0.0020430311580360285)	(8.0, 0.002217153131732281)	(9.0, 0.002440029258063484)	(10.0, 0.0026257593633394866)	(11.0, 0.0030552602317902426)	(12.0, 0.0035822694055109004)	(13.0, 0.004253219410820459)	(14.0, 0.005869071326721683)	(15.0, 0.008520368579536619)	(16.0, 0.013391140590399787)	(17.0, 0.021444862280430448)	(18.0, 0.035309614639284045)	(19.0, 0.057534543361873705)	(20.0, 0.08989569257990121)	(21.0, 0.13503042978828578)	(22.0, 0.1956132685030019)	(23.0, 0.27396583503999955)	(24.0, 0.36972131244135864)	(25.0, 0.48643643222311456)	(26.0, 0.6213205995534955)	(27.0, 0.767330000189909)	(28.0, 0.9208336105742093)	(29.0, 1.0852210051276832)	(30.0, 1.2502073792706723)	(31.0, 1.4085005047447774)	(32.0, 1.55817343170776)	(33.0, 1.6972597426700105)	(34.0, 1.8266114744894826)	(35.0, 1.9420636295553617)	(36.0, 2.046764333152076)	(37.0, 2.141289348605982)	(38.0, 2.225880125053937)	(39.0, 2.2951481678166226)	(40.0, 2.3382120143511798)	(41.0, 2.3613772017317287)	(42.0, 2.3655886318688624)	(43.0, 2.3607271463632626)	(44.0, 2.379541606027722)	(45.0, 2.4139968621827363)	(46.0, 2.444305693737464)	(47.0, 2.462846201496641)	(48.0, 2.4577757696226064)	(49.0, 2.4393977757055456)	(50.0, 2.4122672505773535)	(51.0, 2.372569762200924)	(52.0, 2.3563810618998047)	(53.0, 2.374127573458926)	(54.0, 2.3981331895658498)	(55.0, 2.4431216643163296)	(56.0, 2.52953259579599)	(57.0, 2.668895180289838)	(58.0, 2.84369971212298)	(59.0, 2.9705835551685973)	(60.0, 3.0247401322407637)	(61.0, 2.9987379175021234)	(62.0, 2.8776906430148044)	(63.0, 2.696366984486475)	(64.0, 2.4706677605550764)	(65.0, 2.1768914881610755)	(66.0, 1.884761248825083)	(67.0, 1.6302297476759011)	(68.0, 1.3988820069177965)	(69.0, 1.1894295239454165)	(70.0, 0.9805922719467631)	(71.0, 0.7920599637074088)	(72.0, 0.6310900030910133)	(73.0, 0.49762667106599373)	(74.0, 0.393165094979822)	(75.0, 0.3161660365850233)	(76.0, 0.25369107242280786)	(77.0, 0.2026431529876986)	(78.0, 0.15977896631631314)	(79.0, 0.12359642018223188)	(80.0, 0.09387728171175551)	(81.0, 0.07038938827328904)	(82.0, 0.05181869937200472)	(83.0, 0.037612667944706475)	(84.0, 0.02738126077031468)	(85.0, 0.02021440033297693)	(86.0, 0.015234511885264113)	(87.0, 0.01214674888505057)	(88.0, 0.009811192811204836)	(89.0, 0.007668331721582957)	(90.0, 0.0061221285951602354)	(91.0, 0.005242232221415174)	(92.0, 0.004195178752921709)	(93.0, 0.0032340254581183954)	(94.0, 0.002720946042293438)	(95.0, 0.00216375572646543)	(96.0, 0.0017458629895944244)	(97.0, 0.0014556597001006704)	(98.0, 0.001142240147447416)	(99.0, 0.0008961477579567125)	(100.0, 0.0008009610790027612)
NIST7086_CGTACTAG_L002_R1_001	(0.0, 2.740317823431321e-05)	(1.0, 1.598518730334937e-05)	(2.0, 2.2835981861927674e-06)	(3.0, 1.3701589117156604e-05)	(4.0, 3.653757097908428e-05)	(5.0, 7.079154377197578e-05)	(6.0, 0.00010961271293725283)	(7.0, 0.00012788149842679497)	(8.0, 0.00018268785489542136)	(9.0, 0.0002785989787155176)	(10.0, 0.0004567196372385534)	(11.0, 0.0006827958576716373)	(12.0, 0.0011509334858411545)	(13.0, 0.0019022372890985751)	(14.0, 0.003254127415324693)	(15.0, 0.0058117573838605925)	(16.0, 0.010568492405700125)	(17.0, 0.018647862788450136)	(18.0, 0.03277876836461098)	(19.0, 0.056537323893760524)	(20.0, 0.09019299396186953)	(21.0, 0.13758450711992803)	(22.0, 0.20105711870515597)	(23.0, 0.2851049499479808)	(24.0, 0.38797191384322016)	(25.0, 0.5085915700379221)	(26.0, 0.6475165492931453)	(27.0, 0.7986131068807758)	(28.0, 0.9588098032403847)	(29.0, 1.1281180563629027)	(30.0, 1.295772984398617)	(31.0, 1.453955547158004)	(32.0, 1.6042231586040463)	(33.0, 1.744360728496138)	(34.0, 1.8706802457635772)	(35.0, 1.9816151620506355)	(36.0, 2.0820615118685106)	(37.0, 2.17026320821202)	(38.0, 2.2482321010832)	(39.0, 2.30990980449408)	(40.0, 2.3464405246786058)	(41.0, 2.36163101981316)	(42.0, 2.356216608513697)	(43.0, 2.3551433173661867)	(44.0, 2.375565535945308)	(45.0, 2.4067868903469356)	(46.0, 2.439058699914212)	(47.0, 2.4565830323950553)	(48.0, 2.451104680346379)	(49.0, 2.438750414159076)	(50.0, 2.4092394747989068)	(51.0, 2.3655314055151773)	(52.0, 2.3480938497654096)	(53.0, 2.3593930935906915)	(54.0, 2.383654040720803)	(55.0, 2.4323106672740122)	(56.0, 2.5238030286038255)	(57.0, 2.6796791571951575)	(58.0, 2.8721476631220426)	(59.0, 3.005484677615652)	(60.0, 3.0564340367477993)	(61.0, 3.0287819463111907)	(62.0, 2.9025514893730135)	(63.0, 2.7113869180104446)	(64.0, 2.4757606899627023)	(65.0, 2.1686030323306578)	(66.0, 1.8662477816841767)	(67.0, 1.605794274156147)	(68.0, 1.3748608403810312)	(69.0, 1.1646259405655663)	(70.0, 0.9565627426251712)	(71.0, 0.7669738540110751)	(72.0, 0.5992024624678649)	(73.0, 0.45962209053320446)	(74.0, 0.3524825144315984)	(75.0, 0.28078438217970403)	(76.0, 0.22360536719562338)	(77.0, 0.1745902157271818)	(78.0, 0.1342093490007351)	(79.0, 0.09853041093965931)	(80.0, 0.07009504632518698)	(81.0, 0.048051473033868204)	(82.0, 0.03049288658023202)	(83.0, 0.018341860631500305)	(84.0, 0.010518253245603884)	(85.0, 0.005868847338515411)	(86.0, 0.0033888597083100666)	(87.0, 0.0022493442133998754)	(88.0, 0.001530010784749154)	(89.0, 0.0011509334858411545)	(90.0, 0.0008723345071256371)	(91.0, 0.0005594815556172279)	(92.0, 0.00035624131704607167)	(93.0, 0.0002923005678326742)	(94.0, 0.0002580465950397827)	(95.0, 0.00018953864945399967)	(96.0, 0.00011189631112344558)	(97.0, 6.622434739959024e-05)	(98.0, 3.425397279289151e-05)	(99.0, 2.9686776420505972e-05)	(100.0, 2.283598186192767e-05)
NIST7086_CGTACTAG_L002_R2_001	(0.0, 0.0028773013215444973)	(1.0, 0.0024205868260612435)	(2.0, 0.0018451265617523442)	(3.0, 0.0019273351709393298)	(4.0, 0.002235617455390526)	(5.0, 0.002294990339803349)	(6.0, 0.0023612139416484207)	(7.0, 0.002619257631596459)	(8.0, 0.002879584894021913)	(9.0, 0.003112509286718373)	(10.0, 0.0033157472372084204)	(11.0, 0.0035486716299048793)	(12.0, 0.004023654705207463)	(13.0, 0.004749830753025836)	(14.0, 0.005982959890830621)	(15.0, 0.00847433746369177)	(16.0, 0.013468510471801145)	(17.0, 0.02141305912073234)	(18.0, 0.03504827038338487)	(19.0, 0.05693174543446496)	(20.0, 0.08910728164126017)	(21.0, 0.13562593657870695)	(22.0, 0.19671606749454693)	(23.0, 0.27528922929748584)	(24.0, 0.37365183018971415)	(25.0, 0.4907488596866656)	(26.0, 0.6255686951808446)	(27.0, 0.7749257530662556)	(28.0, 0.9300008764351168)	(29.0, 1.092947474133632)	(30.0, 1.2594564448969165)	(31.0, 1.4176417939800188)	(32.0, 1.5682137124234152)	(33.0, 1.7105396506508614)	(34.0, 1.8400661651423895)	(35.0, 1.9557017082537944)	(36.0, 2.0577157415374114)	(37.0, 2.152698655163064)	(38.0, 2.235902901950203)	(39.0, 2.3036359452028465)	(40.0, 2.3493918869328367)	(41.0, 2.3661122046124783)	(42.0, 2.366422770469407)	(43.0, 2.3686035821853397)	(44.0, 2.3878632324598685)	(45.0, 2.4171020944607062)	(46.0, 2.4522006034385946)	(47.0, 2.4705902125992276)	(48.0, 2.463531690071534)	(49.0, 2.4433471929436514)	(50.0, 2.4105254057257475)	(51.0, 2.375123181608363)	(52.0, 2.354340388491398)	(53.0, 2.3681856884219723)	(54.0, 2.395814631826232)	(55.0, 2.439615835515553)	(56.0, 2.5242244793763033)	(57.0, 2.6576787385289875)	(58.0, 2.829250389474704)	(59.0, 2.957936549294543)	(60.0, 3.0095658394364473)	(61.0, 2.983962424819656)	(62.0, 2.859879947114288)	(63.0, 2.675819438289582)	(64.0, 2.452424393541381)	(65.0, 2.160608950224834)	(66.0, 1.8711958251545282)	(67.0, 1.6186829477467923)	(68.0, 1.3876721887864076)	(69.0, 1.1763070038492354)	(70.0, 0.9705753922138491)	(71.0, 0.7867866285139555)	(72.0, 0.6274480753297581)	(73.0, 0.49670441670776716)	(74.0, 0.3941811467616864)	(75.0, 0.3166538611534041)	(76.0, 0.2564018013367759)	(77.0, 0.20679803998233975)	(78.0, 0.16333023787472112)	(79.0, 0.12626100584882285)	(80.0, 0.09708151673239777)	(81.0, 0.07285966346444343)	(82.0, 0.05332370092014726)	(83.0, 0.0394601324097531)	(84.0, 0.02941469708159894)	(85.0, 0.02206159370431856)	(86.0, 0.016724884824596744)	(87.0, 0.01301864669375014)	(88.0, 0.010481597671340668)	(89.0, 0.008389845282027367)	(90.0, 0.006615509467074928)	(91.0, 0.00529788814760574)	(92.0, 0.004217758365787846)	(93.0, 0.0033614186867567454)	(94.0, 0.002680914088486698)	(95.0, 0.002212781730616363)	(96.0, 0.0017994551122040186)	(97.0, 0.0014249492259077508)	(98.0, 0.0011372190937533012)	(99.0, 0.0009157125634439232)	(100.0, 0.0007147581854312918)
NIST7086_L001_R1	(0.0, 2.388402034364424e-05)	(1.0, 1.4330412206186544e-05)	(2.0, 4.776804068728849e-06)	(3.0, 1.194201017182212e-05)	(4.0, 3.343762848110194e-05)	(5.0, 5.2544844756017325e-05)	(6.0, 8.120566916839042e-05)	(7.0, 0.00010986649358076351)	(8.0, 0.00014569252409622988)	(9.0, 0.00020301417292097605)	(10.0, 0.0003272110787079261)	(11.0, 0.0005612744780756396)	(12.0, 0.0009171463811959388)	(13.0, 0.0015524613223368757)	(14.0, 0.0029210156880276907)	(15.0, 0.005440779834282158)	(16.0, 0.01039193725151961)	(17.0, 0.01878717040231056)	(18.0, 0.033160573845115664)	(19.0, 0.057003991354175707)	(20.0, 0.0918818262619994)	(21.0, 0.14012993575819513)	(22.0, 0.20371875152111357)	(23.0, 0.28796246807721554)	(24.0, 0.39188184059241155)	(25.0, 0.5161647288525988)	(26.0, 0.6607084315702993)	(27.0, 0.8157013931883443)	(28.0, 0.9759655580962315)	(29.0, 1.1475388066368342)	(30.0, 1.3214407471609422)	(31.0, 1.4843034934822181)	(32.0, 1.6367575837377337)	(33.0, 1.7787218122583204)	(34.0, 1.9087153697826729)	(35.0, 2.0267716939392724)	(36.0, 2.1260838389301795)	(37.0, 2.2109509284172506)	(38.0, 2.2946238168871393)	(39.0, 2.354761391710401)	(40.0, 2.384389518946692)	(41.0, 2.3954048291291805)	(42.0, 2.3813347527447397)	(43.0, 2.3690440358759)	(44.0, 2.3821993542811795)	(45.0, 2.4092742797427347)	(46.0, 2.435869136395383)	(47.0, 2.4448614700547644)	(48.0, 2.4333517606511625)	(49.0, 2.4108721207037243)	(50.0, 2.3717381533706634)	(51.0, 2.326757377857478)	(52.0, 2.301490472735937)	(53.0, 2.2987844132310022)	(54.0, 2.306064262631745)	(55.0, 2.339683409667458)	(56.0, 2.4206024705917253)	(57.0, 2.5730040160024847)	(58.0, 2.780448674697207)	(59.0, 2.9472594495812867)	(60.0, 3.035016505529939)	(61.0, 3.038701809868963)	(62.0, 2.9402685968267024)	(63.0, 2.7573767110452465)	(64.0, 2.5208771416024813)	(65.0, 2.2225012406554367)	(66.0, 1.9223077657602412)	(67.0, 1.6538561539017484)	(68.0, 1.4093482724377593)	(69.0, 1.186519916239696)	(70.0, 0.9657025945545676)	(71.0, 0.7649287427418254)	(72.0, 0.591189213556054)	(73.0, 0.44812632009965947)	(74.0, 0.3406315097390198)	(75.0, 0.26576465956983253)	(76.0, 0.2066947004559316)	(77.0, 0.15689412963739902)	(78.0, 0.11744728163783619)	(79.0, 0.08560749411772405)	(80.0, 0.05924908926647827)	(81.0, 0.03923666862053876)	(82.0, 0.0243497587403453)	(83.0, 0.013871839015588576)	(84.0, 0.007205808937677468)	(85.0, 0.0036088754739246444)	(86.0, 0.0016265017854021728)	(87.0, 0.0008001146815120821)	(88.0, 0.0004776804068728848)	(89.0, 0.0002794430380206376)	(90.0, 0.0001695765444398741)	(91.0, 0.00010508968951203465)	(92.0, 7.404046306529714e-05)	(93.0, 5.015644272165291e-05)	(94.0, 3.821443254983079e-05)	(95.0, 3.343762848110194e-05)	(96.0, 3.1049226446737515e-05)	(97.0, 2.866082441237309e-05)	(98.0, 1.9107216274915395e-05)	(99.0, 1.194201017182212e-05)	(100.0, 9.553608137457697e-06)
NIST7086_L001_R2	(0.0, 3.343734656885415e-05)	(1.0, 2.8660582773303556e-05)	(2.0, 3.104896467107885e-05)	(3.0, 3.582572846662945e-05)	(4.0, 4.7767637955505926e-05)	(5.0, 7.881660262658478e-05)	(6.0, 0.0001194190948887648)	(7.0, 0.00015285644145761896)	(8.0, 0.00016718673284427075)	(9.0, 0.00022450789839087787)	(10.0, 0.0003558689027685192)	(11.0, 0.0006257560572171276)	(12.0, 0.0010293925979411526)	(13.0, 0.0015954391077138978)	(14.0, 0.00289949562389921)	(15.0, 0.00532131486824336)	(16.0, 0.010153011447442784)	(17.0, 0.018180363005865556)	(18.0, 0.03212373652507774)	(19.0, 0.05453392387190334)	(20.0, 0.08742194260426916)	(21.0, 0.13387597051599867)	(22.0, 0.19639664345406263)	(23.0, 0.2775920744508316)	(24.0, 0.3770299663828083)	(25.0, 0.49717274098659897)	(26.0, 0.6356272396006329)	(27.0, 0.7868571929858669)	(28.0, 0.9472012116930115)	(29.0, 1.1181066551521184)	(30.0, 1.2890073218474296)	(31.0, 1.4513695232581942)	(32.0, 1.6050189075058747)	(33.0, 1.7478178727919618)	(34.0, 1.882431853314373)	(35.0, 2.002486257787946)	(36.0, 2.1067104670430643)	(37.0, 2.199288926164631)	(38.0, 2.282292362258015)	(39.0, 2.3465780494185355)	(40.0, 2.382169716459183)	(41.0, 2.3973574369471358)	(42.0, 2.3943409106102456)	(43.0, 2.3823607870110046)	(44.0, 2.3932255362639845)	(45.0, 2.4214132194215288)	(46.0, 2.4462882168868583)	(47.0, 2.4591902558986405)	(48.0, 2.4478287232109235)	(49.0, 2.4234863349087976)	(50.0, 2.3884917633425937)	(51.0, 2.3418562184066336)	(52.0, 2.3119895027749533)	(53.0, 2.3105015408526395)	(54.0, 2.316052140383069)	(55.0, 2.3440917438629514)	(56.0, 2.425079385634614)	(57.0, 2.5763236693112344)	(58.0, 2.781349536561959)	(59.0, 2.9490282760771716)	(60.0, 3.0411481658743647)	(61.0, 3.045714752062911)	(62.0, 2.949744790646504)	(63.0, 2.7742034979238155)	(64.0, 2.53963334659761)	(65.0, 2.239736173603455)	(66.0, 1.9367102203232143)	(67.0, 1.6699160204322252)	(68.0, 1.4257636809321452)	(69.0, 1.1993426886411493)	(70.0, 0.9739510889480947)	(71.0, 0.7734177680470853)	(72.0, 0.6014351643520818)	(73.0, 0.4584905077702303)	(74.0, 0.35092017547632876)	(75.0, 0.2734649505314759)	(76.0, 0.21135030251603373)	(77.0, 0.16172689182595643)	(78.0, 0.12191256559004222)	(79.0, 0.0892084522638051)	(80.0, 0.06304372857367672)	(81.0, 0.04267799613134677)	(82.0, 0.027234718780331704)	(83.0, 0.016217113085894262)	(84.0, 0.009455603933292398)	(85.0, 0.00540251985276772)	(86.0, 0.0029854773722191204)	(87.0, 0.0017291884939893145)	(88.0, 0.0009338573220301408)	(89.0, 0.0005588813640794194)	(90.0, 0.00037258757605294625)	(91.0, 0.0002674987725508332)	(92.0, 0.00021256598890200137)	(93.0, 0.0001361377681731919)	(94.0, 7.881660262658478e-05)	(95.0, 8.837013021768595e-05)	(96.0, 9.075851211546126e-05)	(97.0, 5.97095474443824e-05)	(98.0, 3.104896467107885e-05)	(99.0, 3.821411036440474e-05)	(100.0, 0.00014807967766206838)
NIST7086_L002_R1	(0.0, 1.8813206052274233e-05)	(1.0, 9.406603026137116e-06)	(2.0, 0.0)	(3.0, 1.4109904539205676e-05)	(4.0, 3.527476134801419e-05)	(5.0, 5.8791268913356975e-05)	(6.0, 9.406603026137116e-05)	(7.0, 0.00011287923631364541)	(8.0, 0.00016226390220086526)	(9.0, 0.0002492749801926336)	(10.0, 0.000404483930123896)	(11.0, 0.0005996709429162411)	(12.0, 0.0010065065237966713)	(13.0, 0.0016814302909220096)	(14.0, 0.0030453877297118913)	(15.0, 0.005651016767951873)	(16.0, 0.010514230532464763)	(17.0, 0.018745008180334737)	(18.0, 0.033106539350489586)	(19.0, 0.05726504757236624)	(20.0, 0.09159679696701017)	(21.0, 0.1402924291825655)	(22.0, 0.20515566034929397)	(23.0, 0.29140715514670174)	(24.0, 0.3978381650859302)	(25.0, 0.5215632146887117)	(26.0, 0.6629891395359266)	(27.0, 0.8178335835999263)	(28.0, 0.9833098407342175)	(29.0, 1.1584019978119773)	(30.0, 1.3312741965755686)	(31.0, 1.4947397923130228)	(32.0, 1.6494713571407087)	(33.0, 1.7906456553569747)	(34.0, 1.9213786242142281)	(35.0, 2.038159249132964)	(36.0, 2.140157397396125)	(37.0, 2.2281444104518555)	(38.0, 2.304429609343071)	(39.0, 2.362614152361242)	(40.0, 2.3935689312695025)	(41.0, 2.4019055332014165)	(42.0, 2.390278971861111)	(43.0, 2.381509666189995)	(44.0, 2.3934983817468067)	(45.0, 2.417365285274873)	(46.0, 2.4414979253384277)	(47.0, 2.4521344417102324)	(48.0, 2.439830604952045)	(49.0, 2.4187433526182023)	(50.0, 2.3799928514520303)	(51.0, 2.329514667963022)	(52.0, 2.3030374320952025)	(53.0, 2.2986751199418314)	(54.0, 2.3050128187306913)	(55.0, 2.3351280583188694)	(56.0, 2.4112839164184754)	(57.0, 2.563174687132268)	(58.0, 2.7667570931254404)	(59.0, 2.927182004434696)	(60.0, 3.0102329025524606)	(61.0, 3.011425189486024)	(62.0, 2.913932804072382)	(63.0, 2.7341867301474405)	(64.0, 2.4983373241238613)	(65.0, 2.200343195208107)	(66.0, 1.901227328881486)	(67.0, 1.6390041596233746)	(68.0, 1.4010076964590794)	(69.0, 1.1775467866209226)	(70.0, 0.9589067608336612)	(71.0, 0.7616267788680005)	(72.0, 0.5901397024000077)	(73.0, 0.44843863441427817)	(74.0, 0.34041790856363263)	(75.0, 0.2668065365825967)	(76.0, 0.20804113582756154)	(77.0, 0.15903273406138715)	(78.0, 0.12069847507912189)	(79.0, 0.08785532061336414)	(80.0, 0.06100182062449921)	(81.0, 0.04054716234416404)	(82.0, 0.024995695891202853)	(83.0, 0.014232190378545456)	(84.0, 0.007511172516370487)	(85.0, 0.0038402456854204777)	(86.0, 0.001843694193122875)	(87.0, 0.0009618251594225201)	(88.0, 0.0004961983096287329)	(89.0, 0.0002821980907841135)	(90.0, 0.00020929691733155085)	(91.0, 0.00013639574387898818)	(92.0, 0.00010582428404404257)	(93.0, 0.00010582428404404257)	(94.0, 7.995612572216548e-05)	(95.0, 6.584622118295983e-05)	(96.0, 5.408796740028842e-05)	(97.0, 2.8219809078411353e-05)	(98.0, 1.1758253782671395e-05)	(99.0, 7.054952269602838e-06)	(100.0, 7.054952269602838e-06)
NIST7086_L002_R2	(0.0, 6.114232152268272e-05)	(1.0, 4.2329299515703425e-05)	(2.0, 3.057116076134136e-05)	(3.0, 4.2329299515703425e-05)	(4.0, 7.525208802791721e-05)	(5.0, 9.17134822840241e-05)	(6.0, 9.17134822840241e-05)	(7.0, 0.00012463627079623788)	(8.0, 0.0001693171980628137)	(9.0, 0.00023516277508724127)	(10.0, 0.00035979904588347915)	(11.0, 0.0005714455434619963)	(12.0, 0.0009594641223559444)	(13.0, 0.0016367329146071991)	(14.0, 0.00282665655654864)	(15.0, 0.005227668490189374)	(16.0, 0.01017549327802493)	(17.0, 0.01818748902524724)	(18.0, 0.03203857647788575)	(19.0, 0.05435552383366495)	(20.0, 0.0872806639736296)	(21.0, 0.1353408803182091)	(22.0, 0.1982774938148075)	(23.0, 0.27938983819789875)	(24.0, 0.38172562303261354)	(25.0, 0.502573421522196)	(26.0, 0.6412042290638755)	(27.0, 0.795612107186158)	(28.0, 0.9572465373868718)	(29.0, 1.1271022582046353)	(30.0, 1.298592360309255)	(31.0, 1.4626677801153742)	(32.0, 1.6192085846076982)	(33.0, 1.7633986401524402)	(34.0, 1.8968699764087056)	(35.0, 2.017247449348113)	(36.0, 2.120255799719578)	(37.0, 2.213885858620563)	(38.0, 2.2944102960659363)	(39.0, 2.3583040220571396)	(40.0, 2.396811926477675)	(41.0, 2.405498839389398)	(42.0, 2.3987590742553975)	(43.0, 2.3935643285537203)	(44.0, 2.4053953677683597)	(45.0, 2.428888128999575)	(46.0, 2.456630281576617)	(47.0, 2.46860712171181)	(48.0, 2.45626107601973)	(49.0, 2.4290433364311323)	(50.0, 2.3870385615450496)	(51.0, 2.3428561793616587)	(52.0, 2.313056352502603)	(53.0, 2.3077111026248707)	(54.0, 2.313710105017346)	(55.0, 2.340974877160961)	(56.0, 2.416984189324659)	(57.0, 2.5607744681517524)	(58.0, 2.7631132230923163)	(59.0, 2.931649680741841)	(60.0, 3.0225941807513297)	(61.0, 3.0285061729170226)	(62.0, 2.927296817774976)	(63.0, 2.7493773653994706)	(64.0, 2.5180830179624145)	(65.0, 2.219235811753798)	(66.0, 1.9176113331714002)	(67.0, 1.6534694493101583)	(68.0, 1.411851456046772)	(69.0, 1.183193283318444)	(70.0, 0.9612466561911057)	(71.0, 0.7662214635557547)	(72.0, 0.5961752608901706)	(73.0, 0.45619226739173935)	(74.0, 0.35031257953645983)	(75.0, 0.2728099837509577)	(76.0, 0.21273059797166932)	(77.0, 0.16455750349504797)	(78.0, 0.12433996569962795)	(79.0, 0.09071404048990332)	(80.0, 0.06482026732504718)	(81.0, 0.043923703130794925)	(82.0, 0.027869140475588965)	(83.0, 0.017169234209119484)	(84.0, 0.01016608676702144)	(85.0, 0.005735620084377815)	(86.0, 0.003195862113435609)	(87.0, 0.0018413245289330992)	(88.0, 0.0010793971376504374)	(89.0, 0.0006749171645003824)	(90.0, 0.00048443531667971703)	(91.0, 0.0003339311406238826)	(92.0, 0.00024692091384160333)	(93.0, 0.00019753673107328267)	(94.0, 0.00011522975979274823)	(95.0, 9.641673778576891e-05)	(96.0, 8.465859903140685e-05)	(97.0, 5.8790693771810316e-05)	(98.0, 3.292278851221378e-05)	(99.0, 3.527441626308619e-05)	(100.0, 9.40651100348965e-05)
