Sample	0	1	2	3	4	5	6	7	8	9	10	11	12	13	14	15	16	17	18	19	20	21	22	23	24	25	26	27	28	29	30	31	32	33	34	35	36	37	38	39	40	41	42	43	44	45	46	47	48	49	50	51	52	53	54	55	56	57	58	59	60	61	62	63	64	65	66	67	68	69	70	71	72	73	74	75	76	77	78	79	80	81	82	83	84	85	86	87	88	89	90	91	92	93	94	95	96	97	98	99	100
NIST7035_L001_R1	(0.0, 0.0)	(1.0, 1.0)	(2.0, 1.0)	(3.0, 4.0)	(4.0, 8.0)	(5.0, 9.5)	(6.0, 19.0)	(7.0, 22.5)	(8.0, 27.5)	(9.0, 39.5)	(10.0, 60.0)	(11.0, 110.0)	(12.0, 185.5)	(13.0, 291.5)	(14.0, 500.0)	(15.0, 979.0)	(16.0, 1883.5)	(17.0, 3361.0)	(18.0, 5953.0)	(19.0, 10189.5)	(20.0, 16725.5)	(21.0, 25761.5)	(22.0, 37555.5)	(23.0, 53313.5)	(24.0, 72992.5)	(25.0, 96052.0)	(26.0, 122815.0)	(27.0, 152449.5)	(28.0, 183277.0)	(29.0, 215990.0)	(30.0, 249247.5)	(31.0, 281171.0)	(32.0, 311208.5)	(33.0, 337644.5)	(34.0, 361782.5)	(35.0, 385091.0)	(36.0, 405484.0)	(37.0, 423308.5)	(38.0, 438988.5)	(39.0, 451094.0)	(40.0, 458579.5)	(41.0, 462463.5)	(42.0, 462272.5)	(43.0, 460826.5)	(44.0, 465091.5)	(45.0, 471899.5)	(46.0, 477653.5)	(47.0, 480721.5)	(48.0, 478995.5)	(49.0, 475422.0)	(50.0, 469785.5)	(51.0, 461492.0)	(52.0, 456940.5)	(53.0, 458599.0)	(54.0, 461256.5)	(55.0, 469205.0)	(56.0, 488498.0)	(57.0, 521490.0)	(58.0, 565579.5)	(59.0, 601692.0)	(60.0, 620446.5)	(61.0, 621541.0)	(62.0, 602058.0)	(63.0, 565839.0)	(64.0, 516839.5)	(65.0, 454999.5)	(66.0, 392761.0)	(67.0, 337751.0)	(68.0, 288690.5)	(69.0, 241623.0)	(70.0, 195113.5)	(71.0, 154335.5)	(72.0, 118589.0)	(73.0, 89096.0)	(74.0, 67129.5)	(75.0, 51599.5)	(76.0, 39158.5)	(77.0, 28899.0)	(78.0, 20954.0)	(79.0, 14318.0)	(80.0, 9259.5)	(81.0, 5783.5)	(82.0, 3321.0)	(83.0, 1832.0)	(84.0, 940.5)	(85.0, 459.0)	(86.0, 233.0)	(87.0, 155.0)	(88.0, 96.5)	(89.0, 57.0)	(90.0, 38.5)	(91.0, 27.0)	(92.0, 23.0)	(93.0, 15.5)	(94.0, 9.0)	(95.0, 8.5)	(96.0, 6.0)	(97.0, 0.5)	(98.0, 2.0)	(99.0, 4.0)	(100.0, 2.5)
NIST7035_L001_R2	(0.0, 10.0)	(1.0, 6.0)	(2.0, 1.0)	(3.0, 4.0)	(4.0, 9.5)	(5.0, 18.0)	(6.0, 27.0)	(7.0, 30.5)	(8.0, 33.0)	(9.0, 50.5)	(10.0, 80.5)	(11.0, 112.5)	(12.0, 180.0)	(13.0, 285.0)	(14.0, 519.5)	(15.0, 985.5)	(16.0, 1873.5)	(17.0, 3342.5)	(18.0, 5871.0)	(19.0, 10031.5)	(20.0, 16361.5)	(21.0, 25197.5)	(22.0, 36721.0)	(23.0, 52019.5)	(24.0, 71089.0)	(25.0, 93733.0)	(26.0, 120225.0)	(27.0, 149503.5)	(28.0, 180199.0)	(29.0, 212146.0)	(30.0, 245193.0)	(31.0, 277134.5)	(32.0, 307010.5)	(33.0, 334201.5)	(34.0, 358967.5)	(35.0, 382827.5)	(36.0, 403843.0)	(37.0, 421583.0)	(38.0, 437419.0)	(39.0, 450197.5)	(40.0, 458391.5)	(41.0, 462287.5)	(42.0, 461957.5)	(43.0, 461808.0)	(44.0, 466148.5)	(45.0, 472697.5)	(46.0, 478559.5)	(47.0, 482014.5)	(48.0, 480732.5)	(49.0, 476586.0)	(50.0, 471043.0)	(51.0, 463168.0)	(52.0, 458722.5)	(53.0, 459277.0)	(54.0, 461068.5)	(55.0, 469275.5)	(56.0, 487347.0)	(57.0, 519583.0)	(58.0, 563330.5)	(59.0, 598566.0)	(60.0, 620091.5)	(61.0, 623292.5)	(62.0, 602860.0)	(63.0, 567496.5)	(64.0, 519672.0)	(65.0, 458056.0)	(66.0, 396599.5)	(67.0, 341247.5)	(68.0, 290963.0)	(69.0, 244138.0)	(70.0, 197541.0)	(71.0, 156392.0)	(72.0, 120786.5)	(73.0, 91270.5)	(74.0, 69115.0)	(75.0, 53016.0)	(76.0, 40205.0)	(77.0, 30070.5)	(78.0, 22041.0)	(79.0, 15275.0)	(80.0, 10213.0)	(81.0, 6602.0)	(82.0, 3976.0)	(83.0, 2304.0)	(84.0, 1291.5)	(85.0, 712.5)	(86.0, 399.5)	(87.0, 232.5)	(88.0, 147.5)	(89.0, 86.5)	(90.0, 59.0)	(91.0, 46.0)	(92.0, 34.0)	(93.0, 25.0)	(94.0, 21.5)	(95.0, 19.5)	(96.0, 14.5)	(97.0, 11.0)	(98.0, 8.5)	(99.0, 7.5)	(100.0, 28.0)
NIST7035_L002_R1	(0.0, 4.0)	(1.0, 2.5)	(2.0, 1.5)	(3.0, 5.5)	(4.0, 11.5)	(5.0, 12.0)	(6.0, 12.0)	(7.0, 18.5)	(8.0, 28.0)	(9.0, 44.5)	(10.0, 76.0)	(11.0, 115.0)	(12.0, 179.0)	(13.0, 305.5)	(14.0, 565.5)	(15.0, 1047.0)	(16.0, 1935.0)	(17.0, 3488.5)	(18.0, 6181.5)	(19.0, 10499.0)	(20.0, 17138.0)	(21.0, 26299.0)	(22.0, 38597.5)	(23.0, 54780.5)	(24.0, 74939.5)	(25.0, 98810.0)	(26.0, 126002.0)	(27.0, 156017.5)	(28.0, 187674.5)	(29.0, 221680.5)	(30.0, 256036.0)	(31.0, 287820.0)	(32.0, 318085.0)	(33.0, 345635.5)	(34.0, 371012.0)	(35.0, 395128.0)	(36.0, 415155.0)	(37.0, 433415.5)	(38.0, 450717.5)	(39.0, 463450.0)	(40.0, 470226.5)	(41.0, 473441.0)	(42.0, 472314.5)	(43.0, 471188.0)	(44.0, 475143.5)	(45.0, 481419.0)	(46.0, 487623.5)	(47.0, 491135.0)	(48.0, 489964.0)	(49.0, 486010.5)	(50.0, 478999.0)	(51.0, 469961.0)	(52.0, 465257.0)	(53.0, 465756.0)	(54.0, 468153.0)	(55.0, 476016.0)	(56.0, 495310.0)	(57.0, 528654.0)	(58.0, 572272.5)	(59.0, 608146.5)	(60.0, 627924.0)	(61.0, 629109.5)	(62.0, 608201.0)	(63.0, 571419.5)	(64.0, 522402.5)	(65.0, 459707.5)	(66.0, 396958.0)	(67.0, 341722.0)	(68.0, 291596.0)	(69.0, 244459.5)	(70.0, 197858.5)	(71.0, 156015.5)	(72.0, 120230.0)	(73.0, 90923.5)	(74.0, 68844.0)	(75.0, 53213.5)	(76.0, 40440.5)	(77.0, 29887.5)	(78.0, 21772.0)	(79.0, 15082.5)	(80.0, 9900.0)	(81.0, 6167.0)	(82.0, 3525.5)	(83.0, 1918.5)	(84.0, 1007.5)	(85.0, 503.0)	(86.0, 250.0)	(87.0, 144.5)	(88.0, 88.0)	(89.0, 57.5)	(90.0, 38.0)	(91.0, 27.5)	(92.0, 19.0)	(93.0, 9.0)	(94.0, 6.0)	(95.0, 5.0)	(96.0, 3.5)	(97.0, 4.0)	(98.0, 3.5)	(99.0, 3.0)	(100.0, 2.0)
NIST7035_L002_R2	(0.0, 6.0)	(1.0, 3.5)	(2.0, 5.5)	(3.0, 9.5)	(4.0, 8.0)	(5.0, 13.5)	(6.0, 19.5)	(7.0, 27.5)	(8.0, 39.0)	(9.0, 49.0)	(10.0, 85.5)	(11.0, 122.5)	(12.0, 178.5)	(13.0, 286.5)	(14.0, 549.0)	(15.0, 1029.0)	(16.0, 1880.5)	(17.0, 3386.0)	(18.0, 6003.5)	(19.0, 10323.0)	(20.0, 16807.5)	(21.0, 25888.0)	(22.0, 37717.5)	(23.0, 53417.5)	(24.0, 73158.5)	(25.0, 96766.0)	(26.0, 123761.5)	(27.0, 153437.5)	(28.0, 184341.0)	(29.0, 217570.0)	(30.0, 251961.5)	(31.0, 284644.0)	(32.0, 315315.5)	(33.0, 342863.5)	(34.0, 368680.0)	(35.0, 392319.5)	(36.0, 413412.0)	(37.0, 432310.5)	(38.0, 448806.5)	(39.0, 461925.5)	(40.0, 470347.0)	(41.0, 473626.0)	(42.0, 472826.5)	(43.0, 472430.5)	(44.0, 475354.0)	(45.0, 482526.0)	(46.0, 489377.0)	(47.0, 492696.0)	(48.0, 491032.5)	(49.0, 486404.5)	(50.0, 480057.5)	(51.0, 471411.5)	(52.0, 466652.5)	(53.0, 467125.5)	(54.0, 468024.5)	(55.0, 475351.5)	(56.0, 495024.0)	(57.0, 527565.5)	(58.0, 570976.0)	(59.0, 606576.5)	(60.0, 627434.5)	(61.0, 629345.5)	(62.0, 608112.5)	(63.0, 572334.5)	(64.0, 524606.0)	(65.0, 462563.0)	(66.0, 400313.5)	(67.0, 345286.0)	(68.0, 294212.0)	(69.0, 246114.0)	(70.0, 198820.0)	(71.0, 157466.5)	(72.0, 122493.0)	(73.0, 93163.5)	(74.0, 70862.5)	(75.0, 54640.5)	(76.0, 41562.5)	(77.0, 31159.5)	(78.0, 22860.0)	(79.0, 16004.5)	(80.0, 10779.0)	(81.0, 6943.5)	(82.0, 4260.5)	(83.0, 2485.0)	(84.0, 1384.0)	(85.0, 766.0)	(86.0, 420.0)	(87.0, 243.5)	(88.0, 172.0)	(89.0, 113.5)	(90.0, 68.0)	(91.0, 54.0)	(92.0, 40.5)	(93.0, 28.5)	(94.0, 21.5)	(95.0, 20.0)	(96.0, 18.0)	(97.0, 15.5)	(98.0, 12.5)	(99.0, 8.0)	(100.0, 25.0)
NIST7035_TAAGGCGA_L001_R1_001	(0.0, 0.0)	(1.0, 1.0)	(2.0, 2.0)	(3.0, 5.0)	(4.0, 8.0)	(5.0, 10.5)	(6.0, 21.0)	(7.0, 26.0)	(8.0, 33.5)	(9.0, 50.0)	(10.0, 73.5)	(11.0, 125.5)	(12.0, 210.0)	(13.0, 333.5)	(14.0, 544.0)	(15.0, 1001.5)	(16.0, 1891.5)	(17.0, 3383.5)	(18.0, 6012.5)	(19.0, 10244.0)	(20.0, 16780.5)	(21.0, 25838.0)	(22.0, 37644.0)	(23.0, 53424.0)	(24.0, 73070.5)	(25.0, 96145.5)	(26.0, 122940.5)	(27.0, 152573.0)	(28.0, 183438.0)	(29.0, 216224.5)	(30.0, 249307.5)	(31.0, 280917.0)	(32.0, 310891.0)	(33.0, 337645.0)	(34.0, 361875.0)	(35.0, 385059.5)	(36.0, 405593.0)	(37.0, 423972.5)	(38.0, 440715.0)	(39.0, 453714.5)	(40.0, 462132.0)	(41.0, 467175.0)	(42.0, 468269.0)	(43.0, 468533.0)	(44.0, 474556.5)	(45.0, 482923.0)	(46.0, 490518.0)	(47.0, 495125.0)	(48.0, 494821.0)	(49.0, 493473.0)	(50.0, 489436.5)	(51.0, 481957.0)	(52.0, 479766.5)	(53.0, 485735.0)	(54.0, 493520.0)	(55.0, 506704.5)	(56.0, 530372.0)	(57.0, 564874.0)	(58.0, 606006.5)	(59.0, 635076.0)	(60.0, 644776.0)	(61.0, 636773.5)	(62.0, 608701.0)	(63.0, 567676.5)	(64.0, 516780.5)	(65.0, 451307.5)	(66.0, 386962.0)	(67.0, 331405.0)	(68.0, 282732.5)	(69.0, 237864.5)	(70.0, 193291.5)	(71.0, 153996.0)	(72.0, 119318.5)	(73.0, 90440.0)	(74.0, 68639.0)	(75.0, 53302.0)	(76.0, 40964.5)	(77.0, 30854.0)	(78.0, 22676.5)	(79.0, 15547.5)	(80.0, 10239.5)	(81.0, 6504.0)	(82.0, 3825.5)	(83.0, 2188.0)	(84.0, 1206.0)	(85.0, 675.5)	(86.0, 442.0)	(87.0, 325.5)	(88.0, 230.0)	(89.0, 180.0)	(90.0, 127.5)	(91.0, 89.5)	(92.0, 67.5)	(93.0, 52.5)	(94.0, 39.5)	(95.0, 29.0)	(96.0, 18.5)	(97.0, 10.5)	(98.0, 9.0)	(99.0, 10.0)	(100.0, 5.0)
NIST7035_TAAGGCGA_L001_R2_001	(0.0, 3106.0)	(1.0, 1778.5)	(2.0, 365.0)	(3.0, 281.5)	(4.0, 309.5)	(5.0, 357.0)	(6.0, 353.0)	(7.0, 373.5)	(8.0, 412.0)	(9.0, 466.5)	(10.0, 564.5)	(11.0, 625.0)	(12.0, 716.5)	(13.0, 873.0)	(14.0, 1135.0)	(15.0, 1634.0)	(16.0, 2534.5)	(17.0, 4023.0)	(18.0, 6650.0)	(19.0, 10810.0)	(20.0, 17117.0)	(21.0, 25963.5)	(22.0, 37459.0)	(23.0, 52667.0)	(24.0, 71500.5)	(25.0, 94010.5)	(26.0, 120408.0)	(27.0, 149540.5)	(28.0, 179950.5)	(29.0, 211636.5)	(30.0, 244485.0)	(31.0, 275978.5)	(32.0, 305631.5)	(33.0, 333109.0)	(34.0, 357854.5)	(35.0, 381473.5)	(36.0, 402780.5)	(37.0, 421336.0)	(38.0, 438188.0)	(39.0, 452057.0)	(40.0, 461594.5)	(41.0, 467127.0)	(42.0, 468207.5)	(43.0, 469505.5)	(44.0, 475665.0)	(45.0, 483599.0)	(46.0, 490905.0)	(47.0, 495840.0)	(48.0, 496094.0)	(49.0, 493898.5)	(50.0, 489536.0)	(51.0, 483109.5)	(52.0, 481958.5)	(53.0, 487102.5)	(54.0, 494656.0)	(55.0, 507703.5)	(56.0, 528050.5)	(57.0, 558514.0)	(58.0, 595418.5)	(59.0, 621159.0)	(60.0, 632506.5)	(61.0, 626370.5)	(62.0, 598456.5)	(63.0, 559404.0)	(64.0, 511099.0)	(65.0, 449168.0)	(66.0, 388505.0)	(67.0, 334320.5)	(68.0, 285363.5)	(69.0, 241637.0)	(70.0, 198312.0)	(71.0, 159784.0)	(72.0, 126504.0)	(73.0, 98463.0)	(74.0, 76962.0)	(75.0, 60932.0)	(76.0, 47753.5)	(77.0, 37398.5)	(78.0, 28858.0)	(79.0, 21356.0)	(80.0, 15650.0)	(81.0, 11406.5)	(82.0, 8223.0)	(83.0, 5865.5)	(84.0, 4232.5)	(85.0, 3235.5)	(86.0, 2548.0)	(87.0, 2020.5)	(88.0, 1591.5)	(89.0, 1276.0)	(90.0, 1035.0)	(91.0, 850.5)	(92.0, 685.5)	(93.0, 546.0)	(94.0, 460.0)	(95.0, 387.5)	(96.0, 319.0)	(97.0, 281.0)	(98.0, 227.5)	(99.0, 178.0)	(100.0, 156.0)
NIST7035_TAAGGCGA_L002_R1_001	(0.0, 6.0)	(1.0, 3.5)	(2.0, 2.0)	(3.0, 6.5)	(4.0, 12.0)	(5.0, 12.0)	(6.0, 14.0)	(7.0, 23.0)	(8.0, 32.5)	(9.0, 51.5)	(10.0, 88.5)	(11.0, 134.0)	(12.0, 214.5)	(13.0, 342.5)	(14.0, 595.5)	(15.0, 1069.5)	(16.0, 1949.5)	(17.0, 3509.0)	(18.0, 6240.0)	(19.0, 10580.0)	(20.0, 17243.0)	(21.0, 26414.5)	(22.0, 38715.0)	(23.0, 54876.0)	(24.0, 74903.0)	(25.0, 98741.0)	(26.0, 126013.5)	(27.0, 156019.5)	(28.0, 187704.0)	(29.0, 221532.5)	(30.0, 255648.0)	(31.0, 287294.0)	(32.0, 317439.5)	(33.0, 345617.0)	(34.0, 371320.5)	(35.0, 394954.0)	(36.0, 415081.0)	(37.0, 434196.0)	(38.0, 452044.0)	(39.0, 465331.5)	(40.0, 473417.0)	(41.0, 478269.0)	(42.0, 478756.0)	(43.0, 479272.0)	(44.0, 485191.5)	(45.0, 492824.5)	(46.0, 500517.0)	(47.0, 506099.0)	(48.0, 506719.0)	(49.0, 504452.0)	(50.0, 498898.0)	(51.0, 491328.5)	(52.0, 489102.0)	(53.0, 493603.0)	(54.0, 501123.0)	(55.0, 514467.5)	(56.0, 538489.5)	(57.0, 573282.0)	(58.0, 614176.5)	(59.0, 643720.0)	(60.0, 654711.0)	(61.0, 647109.5)	(62.0, 617253.5)	(63.0, 575002.5)	(64.0, 524306.0)	(65.0, 457605.5)	(66.0, 391634.5)	(67.0, 335329.5)	(68.0, 285827.5)	(69.0, 241363.5)	(70.0, 196641.5)	(71.0, 155803.0)	(72.0, 121170.5)	(73.0, 92702.5)	(74.0, 70590.5)	(75.0, 54920.0)	(76.0, 42176.0)	(77.0, 31927.0)	(78.0, 23626.0)	(79.0, 16371.0)	(80.0, 10888.5)	(81.0, 6820.0)	(82.0, 3962.5)	(83.0, 2258.5)	(84.0, 1286.0)	(85.0, 778.5)	(86.0, 480.0)	(87.0, 337.5)	(88.0, 254.0)	(89.0, 171.5)	(90.0, 121.0)	(91.0, 93.0)	(92.0, 56.0)	(93.0, 34.0)	(94.0, 37.0)	(95.0, 31.0)	(96.0, 18.0)	(97.0, 15.5)	(98.0, 10.0)	(99.0, 5.5)	(100.0, 2.5)
NIST7035_TAAGGCGA_L002_R2_001	(0.0, 591.0)	(1.0, 486.5)	(2.0, 392.0)	(3.0, 414.5)	(4.0, 426.5)	(5.0, 439.0)	(6.0, 469.5)	(7.0, 507.5)	(8.0, 543.0)	(9.0, 599.0)	(10.0, 669.0)	(11.0, 737.5)	(12.0, 802.5)	(13.0, 912.0)	(14.0, 1207.0)	(15.0, 1711.0)	(16.0, 2568.5)	(17.0, 4069.5)	(18.0, 6706.5)	(19.0, 11036.5)	(20.0, 17489.5)	(21.0, 26558.5)	(22.0, 38391.5)	(23.0, 53959.5)	(24.0, 73447.5)	(25.0, 96833.0)	(26.0, 123752.0)	(27.0, 153152.0)	(28.0, 183722.5)	(29.0, 216769.5)	(30.0, 250866.0)	(31.0, 283182.0)	(32.0, 313665.5)	(33.0, 341631.0)	(34.0, 367675.5)	(35.0, 391115.0)	(36.0, 412435.0)	(37.0, 432071.0)	(38.0, 449244.5)	(39.0, 463340.0)	(40.0, 473257.5)	(41.0, 478270.5)	(42.0, 479314.5)	(43.0, 480475.5)	(44.0, 485130.5)	(45.0, 493910.5)	(46.0, 502238.5)	(47.0, 506951.0)	(48.0, 506915.5)	(49.0, 503863.5)	(50.0, 498794.5)	(51.0, 492371.0)	(52.0, 491031.0)	(53.0, 495758.0)	(54.0, 502003.5)	(55.0, 514731.0)	(56.0, 537371.5)	(57.0, 568058.5)	(58.0, 604910.5)	(59.0, 631031.0)	(60.0, 641441.0)	(61.0, 634402.5)	(62.0, 605258.0)	(63.0, 565479.0)	(64.0, 517605.5)	(65.0, 455007.0)	(66.0, 392709.5)	(67.0, 338392.0)	(68.0, 289110.0)	(69.0, 244134.5)	(70.0, 200223.0)	(71.0, 161367.5)	(72.0, 128558.5)	(73.0, 101045.5)	(74.0, 79332.0)	(75.0, 62943.5)	(76.0, 49367.5)	(77.0, 38761.0)	(78.0, 29923.5)	(79.0, 22399.5)	(80.0, 16674.0)	(81.0, 12080.0)	(82.0, 8660.0)	(83.0, 6253.0)	(84.0, 4587.5)	(85.0, 3579.0)	(86.0, 2797.0)	(87.0, 2143.0)	(88.0, 1718.0)	(89.0, 1381.0)	(90.0, 1123.0)	(91.0, 934.5)	(92.0, 730.0)	(93.0, 560.0)	(94.0, 457.0)	(95.0, 379.5)	(96.0, 320.5)	(97.0, 265.0)	(98.0, 227.5)	(99.0, 185.5)	(100.0, 145.0)
NIST7086_CGTACTAG_L001_R1_001	(0.0, 5.0)	(1.0, 3.0)	(2.0, 1.0)	(3.0, 2.5)	(4.0, 8.0)	(5.0, 12.5)	(6.0, 18.5)	(7.0, 26.5)	(8.0, 36.5)	(9.0, 51.5)	(10.0, 82.5)	(11.0, 141.5)	(12.0, 221.0)	(13.0, 360.0)	(14.0, 664.5)	(15.0, 1208.0)	(16.0, 2250.0)	(17.0, 4011.5)	(18.0, 7053.0)	(19.0, 12082.5)	(20.0, 19463.5)	(21.0, 29673.0)	(22.0, 43003.0)	(23.0, 60655.0)	(24.0, 82429.5)	(25.0, 108570.5)	(26.0, 139077.0)	(27.0, 171580.0)	(28.0, 205033.5)	(29.0, 240832.0)	(30.0, 277176.5)	(31.0, 311550.5)	(32.0, 343510.5)	(33.0, 373408.0)	(34.0, 400462.5)	(35.0, 424667.5)	(36.0, 445878.5)	(37.0, 464528.0)	(38.0, 482621.5)	(39.0, 496291.5)	(40.0, 503926.5)	(41.0, 507901.0)	(42.0, 506621.0)	(43.0, 505344.0)	(44.0, 509915.0)	(45.0, 517271.0)	(46.0, 524345.0)	(47.0, 528103.0)	(48.0, 527146.5)	(49.0, 523712.0)	(50.0, 517342.0)	(51.0, 508979.0)	(52.0, 505586.5)	(53.0, 508689.0)	(54.0, 514046.0)	(55.0, 524831.5)	(56.0, 545344.5)	(57.0, 579176.0)	(58.0, 620525.0)	(59.0, 650182.0)	(60.0, 662762.5)	(61.0, 657320.0)	(62.0, 629696.0)	(63.0, 587505.5)	(64.0, 536507.0)	(65.0, 470615.0)	(66.0, 405598.0)	(67.0, 348550.5)	(68.0, 297416.5)	(69.0, 251921.5)	(70.0, 206461.5)	(71.0, 165066.0)	(72.0, 128907.5)	(73.0, 98853.5)	(74.0, 75961.5)	(75.0, 60181.5)	(76.0, 47768.0)	(77.0, 37064.5)	(78.0, 28196.5)	(79.0, 20792.5)	(80.0, 14631.5)	(81.0, 9831.0)	(82.0, 6299.0)	(83.0, 3816.0)	(84.0, 2182.0)	(85.0, 1240.0)	(86.0, 685.0)	(87.0, 460.0)	(88.0, 334.0)	(89.0, 234.0)	(90.0, 165.0)	(91.0, 122.0)	(92.0, 88.5)	(93.0, 56.0)	(94.0, 42.5)	(95.0, 35.0)	(96.0, 23.5)	(97.0, 14.5)	(98.0, 9.5)	(99.0, 7.5)	(100.0, 4.0)
NIST7086_CGTACTAG_L001_R2_001	(0.0, 3308.0)	(1.0, 1889.5)	(2.0, 391.0)	(3.0, 324.5)	(4.0, 354.0)	(5.0, 371.0)	(6.0, 401.5)	(7.0, 440.0)	(8.0, 477.5)	(9.0, 525.5)	(10.0, 565.5)	(11.0, 658.0)	(12.0, 771.5)	(13.0, 916.0)	(14.0, 1264.0)	(15.0, 1835.0)	(16.0, 2884.0)	(17.0, 4618.5)	(18.0, 7604.5)	(19.0, 12391.0)	(20.0, 19360.5)	(21.0, 29081.0)	(22.0, 42128.5)	(23.0, 59003.0)	(24.0, 79625.5)	(25.0, 104762.0)	(26.0, 133811.5)	(27.0, 165257.0)	(28.0, 198316.5)	(29.0, 233720.0)	(30.0, 269252.5)	(31.0, 303343.5)	(32.0, 335578.0)	(33.0, 365532.5)	(34.0, 393390.5)	(35.0, 418255.0)	(36.0, 440804.0)	(37.0, 461161.5)	(38.0, 479379.5)	(39.0, 494297.5)	(40.0, 503572.0)	(41.0, 508561.0)	(42.0, 509468.0)	(43.0, 508421.0)	(44.0, 512473.0)	(45.0, 519893.5)	(46.0, 526421.0)	(47.0, 530414.0)	(48.0, 529322.0)	(49.0, 525364.0)	(50.0, 519521.0)	(51.0, 510971.5)	(52.0, 507485.0)	(53.0, 511307.0)	(54.0, 516477.0)	(55.0, 526166.0)	(56.0, 544776.0)	(57.0, 574790.0)	(58.0, 612437.0)	(59.0, 639763.5)	(60.0, 651427.0)	(61.0, 645827.0)	(62.0, 619757.5)	(63.0, 580706.5)	(64.0, 532098.5)	(65.0, 468829.0)	(66.0, 405914.0)	(67.0, 351096.5)	(68.0, 301272.0)	(69.0, 256163.0)	(70.0, 211186.5)	(71.0, 170583.0)	(72.0, 135915.5)	(73.0, 107172.0)	(74.0, 84674.5)	(75.0, 68091.5)	(76.0, 54636.5)	(77.0, 43642.5)	(78.0, 34411.0)	(79.0, 26618.5)	(80.0, 20218.0)	(81.0, 15159.5)	(82.0, 11160.0)	(83.0, 8100.5)	(84.0, 5897.0)	(85.0, 4353.5)	(86.0, 3281.0)	(87.0, 2616.0)	(88.0, 2113.0)	(89.0, 1651.5)	(90.0, 1318.5)	(91.0, 1129.0)	(92.0, 903.5)	(93.0, 696.5)	(94.0, 586.0)	(95.0, 466.0)	(96.0, 376.0)	(97.0, 313.5)	(98.0, 246.0)	(99.0, 193.0)	(100.0, 172.5)
NIST7086_CGTACTAG_L002_R1_001	(0.0, 6.0)	(1.0, 3.5)	(2.0, 0.5)	(3.0, 3.0)	(4.0, 8.0)	(5.0, 15.5)	(6.0, 24.0)	(7.0, 28.0)	(8.0, 40.0)	(9.0, 61.0)	(10.0, 100.0)	(11.0, 149.5)	(12.0, 252.0)	(13.0, 416.5)	(14.0, 712.5)	(15.0, 1272.5)	(16.0, 2314.0)	(17.0, 4083.0)	(18.0, 7177.0)	(19.0, 12379.0)	(20.0, 19748.0)	(21.0, 30124.5)	(22.0, 44022.0)	(23.0, 62424.5)	(24.0, 84947.5)	(25.0, 111357.5)	(26.0, 141775.5)	(27.0, 174858.5)	(28.0, 209934.0)	(29.0, 247004.5)	(30.0, 283713.0)	(31.0, 318347.5)	(32.0, 351249.0)	(33.0, 381932.5)	(34.0, 409590.5)	(35.0, 433880.0)	(36.0, 455873.0)	(37.0, 475185.0)	(38.0, 492256.5)	(39.0, 505761.0)	(40.0, 513759.5)	(41.0, 517085.5)	(42.0, 515900.0)	(43.0, 515665.0)	(44.0, 520136.5)	(45.0, 526972.5)	(46.0, 534038.5)	(47.0, 537875.5)	(48.0, 536676.0)	(49.0, 533971.0)	(50.0, 527509.5)	(51.0, 517939.5)	(52.0, 514121.5)	(53.0, 516595.5)	(54.0, 521907.5)	(55.0, 532561.0)	(56.0, 552593.5)	(57.0, 586723.0)	(58.0, 628864.5)	(59.0, 658059.0)	(60.0, 669214.5)	(61.0, 663160.0)	(62.0, 635521.5)	(63.0, 593665.5)	(64.0, 542074.5)	(65.0, 474821.5)	(66.0, 408620.0)	(67.0, 351593.0)	(68.0, 301029.5)	(69.0, 254998.0)	(70.0, 209442.0)	(71.0, 167931.0)	(72.0, 131197.0)	(73.0, 100635.5)	(74.0, 77177.0)	(75.0, 61478.5)	(76.0, 48959.0)	(77.0, 38227.0)	(78.0, 29385.5)	(79.0, 21573.5)	(80.0, 15347.5)	(81.0, 10521.0)	(82.0, 6676.5)	(83.0, 4016.0)	(84.0, 2303.0)	(85.0, 1285.0)	(86.0, 742.0)	(87.0, 492.5)	(88.0, 335.0)	(89.0, 252.0)	(90.0, 191.0)	(91.0, 122.5)	(92.0, 78.0)	(93.0, 64.0)	(94.0, 56.5)	(95.0, 41.5)	(96.0, 24.5)	(97.0, 14.5)	(98.0, 7.5)	(99.0, 6.5)	(100.0, 5.0)
NIST7086_CGTACTAG_L002_R2_001	(0.0, 630.0)	(1.0, 530.0)	(2.0, 404.0)	(3.0, 422.0)	(4.0, 489.5)	(5.0, 502.5)	(6.0, 517.0)	(7.0, 573.5)	(8.0, 630.5)	(9.0, 681.5)	(10.0, 726.0)	(11.0, 777.0)	(12.0, 881.0)	(13.0, 1040.0)	(14.0, 1310.0)	(15.0, 1855.5)	(16.0, 2949.0)	(17.0, 4688.5)	(18.0, 7674.0)	(19.0, 12465.5)	(20.0, 19510.5)	(21.0, 29696.0)	(22.0, 43072.0)	(23.0, 60276.0)	(24.0, 81813.0)	(25.0, 107452.0)	(26.0, 136971.5)	(27.0, 169674.0)	(28.0, 203628.5)	(29.0, 239306.5)	(30.0, 275764.5)	(31.0, 310400.0)	(32.0, 343368.5)	(33.0, 374531.5)	(34.0, 402892.0)	(35.0, 428211.0)	(36.0, 450547.5)	(37.0, 471344.5)	(38.0, 489562.5)	(39.0, 504393.0)	(40.0, 514411.5)	(41.0, 518072.5)	(42.0, 518140.5)	(43.0, 518618.0)	(44.0, 522835.0)	(45.0, 529237.0)	(46.0, 536922.0)	(47.0, 540948.5)	(48.0, 539403.0)	(49.0, 534983.5)	(50.0, 527797.0)	(51.0, 520045.5)	(52.0, 515495.0)	(53.0, 518526.5)	(54.0, 524576.0)	(55.0, 534166.5)	(56.0, 552692.0)	(57.0, 581912.5)	(58.0, 619479.0)	(59.0, 647655.5)	(60.0, 658960.0)	(61.0, 653354.0)	(62.0, 626185.5)	(63.0, 585884.5)	(64.0, 536971.0)	(65.0, 473076.5)	(66.0, 409708.0)	(67.0, 354419.0)	(68.0, 303838.0)	(69.0, 257558.5)	(70.0, 212512.5)	(71.0, 172271.0)	(72.0, 137383.0)	(73.0, 108756.0)	(74.0, 86308.0)	(75.0, 69333.0)	(76.0, 56140.5)	(77.0, 45279.5)	(78.0, 35762.0)	(79.0, 27645.5)	(80.0, 21256.5)	(81.0, 15953.0)	(82.0, 11675.5)	(83.0, 8640.0)	(84.0, 6440.5)	(85.0, 4830.5)	(86.0, 3662.0)	(87.0, 2850.5)	(88.0, 2295.0)	(89.0, 1837.0)	(90.0, 1448.5)	(91.0, 1160.0)	(92.0, 923.5)	(93.0, 736.0)	(94.0, 587.0)	(95.0, 484.5)	(96.0, 394.0)	(97.0, 312.0)	(98.0, 249.0)	(99.0, 200.5)	(100.0, 156.5)
NIST7086_L001_R1	(0.0, 5.0)	(1.0, 3.0)	(2.0, 1.0)	(3.0, 2.5)	(4.0, 7.0)	(5.0, 11.0)	(6.0, 17.0)	(7.0, 23.0)	(8.0, 30.5)	(9.0, 42.5)	(10.0, 68.5)	(11.0, 117.5)	(12.0, 192.0)	(13.0, 325.0)	(14.0, 611.5)	(15.0, 1139.0)	(16.0, 2175.5)	(17.0, 3933.0)	(18.0, 6942.0)	(19.0, 11933.5)	(20.0, 19235.0)	(21.0, 29335.5)	(22.0, 42647.5)	(23.0, 60283.5)	(24.0, 82038.5)	(25.0, 108056.5)	(26.0, 138316.0)	(27.0, 170763.0)	(28.0, 204313.5)	(29.0, 240231.5)	(30.0, 276637.0)	(31.0, 310731.5)	(32.0, 342647.0)	(33.0, 372366.5)	(34.0, 399580.0)	(35.0, 424294.5)	(36.0, 445085.0)	(37.0, 462851.5)	(38.0, 480368.0)	(39.0, 492957.5)	(40.0, 499160.0)	(41.0, 501466.0)	(42.0, 498520.5)	(43.0, 495947.5)	(44.0, 498701.5)	(45.0, 504369.5)	(46.0, 509937.0)	(47.0, 511819.5)	(48.0, 509410.0)	(49.0, 504704.0)	(50.0, 496511.5)	(51.0, 487095.0)	(52.0, 481805.5)	(53.0, 481239.0)	(54.0, 482763.0)	(55.0, 489801.0)	(56.0, 506741.0)	(57.0, 538645.5)	(58.0, 582073.0)	(59.0, 616994.0)	(60.0, 635365.5)	(61.0, 636137.0)	(62.0, 615530.5)	(63.0, 577243.0)	(64.0, 527733.0)	(65.0, 465269.5)	(66.0, 402425.5)	(67.0, 346226.5)	(68.0, 295040.0)	(69.0, 248392.0)	(70.0, 202165.0)	(71.0, 160134.0)	(72.0, 123762.5)	(73.0, 93813.0)	(74.0, 71309.5)	(75.0, 55636.5)	(76.0, 43270.5)	(77.0, 32845.0)	(78.0, 24587.0)	(79.0, 17921.5)	(80.0, 12403.5)	(81.0, 8214.0)	(82.0, 5097.5)	(83.0, 2904.0)	(84.0, 1508.5)	(85.0, 755.5)	(86.0, 340.5)	(87.0, 167.5)	(88.0, 100.0)	(89.0, 58.5)	(90.0, 35.5)	(91.0, 22.0)	(92.0, 15.5)	(93.0, 10.5)	(94.0, 8.0)	(95.0, 7.0)	(96.0, 6.5)	(97.0, 6.0)	(98.0, 4.0)	(99.0, 2.5)	(100.0, 2.0)
NIST7086_L001_R2	(0.0, 7.0)	(1.0, 6.0)	(2.0, 6.5)	(3.0, 7.5)	(4.0, 10.0)	(5.0, 16.5)	(6.0, 25.0)	(7.0, 32.0)	(8.0, 35.0)	(9.0, 47.0)	(10.0, 74.5)	(11.0, 131.0)	(12.0, 215.5)	(13.0, 334.0)	(14.0, 607.0)	(15.0, 1114.0)	(16.0, 2125.5)	(17.0, 3806.0)	(18.0, 6725.0)	(19.0, 11416.5)	(20.0, 18301.5)	(21.0, 28026.5)	(22.0, 41115.0)	(23.0, 58113.0)	(24.0, 78930.0)	(25.0, 104081.5)	(26.0, 133066.5)	(27.0, 164726.0)	(28.0, 198293.5)	(29.0, 234072.0)	(30.0, 269849.5)	(31.0, 303839.5)	(32.0, 336005.5)	(33.0, 365900.0)	(34.0, 394081.0)	(35.0, 419214.0)	(36.0, 441033.0)	(37.0, 460414.0)	(38.0, 477790.5)	(39.0, 491248.5)	(40.0, 498699.5)	(41.0, 501879.0)	(42.0, 501247.5)	(43.0, 498739.5)	(44.0, 501014.0)	(45.0, 506915.0)	(46.0, 512122.5)	(47.0, 514823.5)	(48.0, 512445.0)	(49.0, 507349.0)	(50.0, 500023.0)	(51.0, 490260.0)	(52.0, 484007.5)	(53.0, 483696.0)	(54.0, 484858.0)	(55.0, 490728.0)	(56.0, 507682.5)	(57.0, 539345.0)	(58.0, 582266.5)	(59.0, 617369.5)	(60.0, 636654.5)	(61.0, 637610.5)	(62.0, 617519.5)	(63.0, 580770.5)	(64.0, 531664.0)	(65.0, 468881.5)	(66.0, 405444.0)	(67.0, 349591.5)	(68.0, 298479.0)	(69.0, 251078.5)	(70.0, 203893.5)	(71.0, 161912.5)	(72.0, 125908.5)	(73.0, 95983.5)	(74.0, 73464.0)	(75.0, 57249.0)	(76.0, 44245.5)	(77.0, 33857.0)	(78.0, 25522.0)	(79.0, 18675.5)	(80.0, 13198.0)	(81.0, 8934.5)	(82.0, 5701.5)	(83.0, 3395.0)	(84.0, 1979.5)	(85.0, 1131.0)	(86.0, 625.0)	(87.0, 362.0)	(88.0, 195.5)	(89.0, 117.0)	(90.0, 78.0)	(91.0, 56.0)	(92.0, 44.5)	(93.0, 28.5)	(94.0, 16.5)	(95.0, 18.5)	(96.0, 19.0)	(97.0, 12.5)	(98.0, 6.5)	(99.0, 8.0)	(100.0, 31.0)
NIST7086_L002_R1	(0.0, 4.0)	(1.0, 2.0)	(2.0, 0.0)	(3.0, 3.0)	(4.0, 7.5)	(5.0, 12.5)	(6.0, 20.0)	(7.0, 24.0)	(8.0, 34.5)	(9.0, 53.0)	(10.0, 86.0)	(11.0, 127.5)	(12.0, 214.0)	(13.0, 357.5)	(14.0, 647.5)	(15.0, 1201.5)	(16.0, 2235.5)	(17.0, 3985.5)	(18.0, 7039.0)	(19.0, 12175.5)	(20.0, 19475.0)	(21.0, 29828.5)	(22.0, 43619.5)	(23.0, 61958.0)	(24.0, 84587.0)	(25.0, 110893.0)	(26.0, 140962.5)	(27.0, 173885.0)	(28.0, 209068.0)	(29.0, 246295.5)	(30.0, 283051.0)	(31.0, 317806.5)	(32.0, 350705.0)	(33.0, 380721.0)	(34.0, 408517.0)	(35.0, 433346.5)	(36.0, 455033.0)	(37.0, 473740.5)	(38.0, 489960.0)	(39.0, 502331.0)	(40.0, 508912.5)	(41.0, 510685.0)	(42.0, 508213.0)	(43.0, 506348.5)	(44.0, 508897.5)	(45.0, 513972.0)	(46.0, 519103.0)	(47.0, 521364.5)	(48.0, 518748.5)	(49.0, 514265.0)	(50.0, 506026.0)	(51.0, 495293.5)	(52.0, 489664.0)	(53.0, 488736.5)	(54.0, 490084.0)	(55.0, 496487.0)	(56.0, 512679.0)	(57.0, 544973.5)	(58.0, 588258.5)	(59.0, 622367.5)	(60.0, 640025.5)	(61.0, 640279.0)	(62.0, 619550.5)	(63.0, 581333.5)	(64.0, 531188.0)	(65.0, 467829.5)	(66.0, 404232.5)	(67.0, 348479.5)	(68.0, 297877.5)	(69.0, 250366.0)	(70.0, 203879.5)	(71.0, 161934.5)	(72.0, 125473.5)	(73.0, 95345.5)	(74.0, 72378.5)	(75.0, 56727.5)	(76.0, 44233.0)	(77.0, 33813.0)	(78.0, 25662.5)	(79.0, 18679.5)	(80.0, 12970.0)	(81.0, 8621.0)	(82.0, 5314.5)	(83.0, 3026.0)	(84.0, 1597.0)	(85.0, 816.5)	(86.0, 392.0)	(87.0, 204.5)	(88.0, 105.5)	(89.0, 60.0)	(90.0, 44.5)	(91.0, 29.0)	(92.0, 22.5)	(93.0, 22.5)	(94.0, 17.0)	(95.0, 14.0)	(96.0, 11.5)	(97.0, 6.0)	(98.0, 2.5)	(99.0, 1.5)	(100.0, 1.5)
NIST7086_L002_R2	(0.0, 13.0)	(1.0, 9.0)	(2.0, 6.5)	(3.0, 9.0)	(4.0, 16.0)	(5.0, 19.5)	(6.0, 19.5)	(7.0, 26.5)	(8.0, 36.0)	(9.0, 50.0)	(10.0, 76.5)	(11.0, 121.5)	(12.0, 204.0)	(13.0, 348.0)	(14.0, 601.0)	(15.0, 1111.5)	(16.0, 2163.5)	(17.0, 3867.0)	(18.0, 6812.0)	(19.0, 11557.0)	(20.0, 18557.5)	(21.0, 28776.0)	(22.0, 42157.5)	(23.0, 59403.5)	(24.0, 81162.0)	(25.0, 106856.5)	(26.0, 136332.0)	(27.0, 169162.0)	(28.0, 203528.5)	(29.0, 239643.0)	(30.0, 276105.0)	(31.0, 310990.5)	(32.0, 344274.0)	(33.0, 374931.5)	(34.0, 403310.0)	(35.0, 428904.5)	(36.0, 450806.0)	(37.0, 470713.5)	(38.0, 487834.5)	(39.0, 501419.5)	(40.0, 509607.0)	(41.0, 511454.0)	(42.0, 510021.0)	(43.0, 508916.5)	(44.0, 511432.0)	(45.0, 516427.0)	(46.0, 522325.5)	(47.0, 524872.0)	(48.0, 522247.0)	(49.0, 516460.0)	(50.0, 507529.0)	(51.0, 498135.0)	(52.0, 491799.0)	(53.0, 490662.5)	(54.0, 491938.0)	(55.0, 497735.0)	(56.0, 513896.0)	(57.0, 544468.5)	(58.0, 587489.5)	(59.0, 623323.5)	(60.0, 642660.0)	(61.0, 643917.0)	(62.0, 622398.0)	(63.0, 584569.0)	(64.0, 535391.5)	(65.0, 471851.0)	(66.0, 407720.0)	(67.0, 351558.5)	(68.0, 300186.0)	(69.0, 251569.0)	(70.0, 204379.0)	(71.0, 162913.0)	(72.0, 126758.0)	(73.0, 96995.0)	(74.0, 74483.0)	(75.0, 58004.5)	(76.0, 45230.5)	(77.0, 34988.0)	(78.0, 26437.0)	(79.0, 19287.5)	(80.0, 13782.0)	(81.0, 9339.0)	(82.0, 5925.5)	(83.0, 3650.5)	(84.0, 2161.5)	(85.0, 1219.5)	(86.0, 679.5)	(87.0, 391.5)	(88.0, 229.5)	(89.0, 143.5)	(90.0, 103.0)	(91.0, 71.0)	(92.0, 52.5)	(93.0, 42.0)	(94.0, 24.5)	(95.0, 20.5)	(96.0, 18.0)	(97.0, 12.5)	(98.0, 7.0)	(99.0, 7.5)	(100.0, 20.0)
