Sample	0	1	2	3	4	5	6	7	8	9	10	11	12	13	14	15
NIST7035_L001_R1	(1.0, 55.87513151046113)	(2.0, 18.100058470938965)	(3.0, 8.197626589412312)	(4.0, 4.378891857745894)	(5.0, 2.5724344154010534)	(6.0, 1.7098274803331301)	(7.0, 1.0984294247810014)	(8.0, 0.8177025854504514)	(9.0, 0.598005642918577)	('>10', 4.272338476246571)	('>50', 0.8866364085267546)	('>100', 1.2368934636313076)	('>500', 0.1715543747727007)	('>1k', 0.08446929938023695)	('>5k', 0.0)	('>10k+', 0.0)
NIST7035_L001_R2	(1.0, 55.889554943575945)	(2.0, 18.177368186409247)	(3.0, 8.246580180761383)	(4.0, 4.339307899602824)	(5.0, 2.555195758297476)	(6.0, 1.688297142754324)	(7.0, 1.13286017824276)	(8.0, 0.837053539708843)	(9.0, 0.6324758823589558)	('>10', 4.149838735566642)	('>50', 0.9336803949871433)	('>100', 1.1691616408937127)	('>500', 0.15648415457801393)	('>1k', 0.09214136226285323)	('>5k', 0.0)	('>10k+', 0.0)
NIST7035_L002_R1	(1.0, 55.904794881754974)	(2.0, 18.000998410802566)	(3.0, 8.259501639655006)	(4.0, 4.436664516718889)	(5.0, 2.557954475819753)	(6.0, 1.673053151785784)	(7.0, 1.1456918971699699)	(8.0, 0.8519467141555515)	(9.0, 0.6000290594148121)	('>10', 4.228596181717464)	('>50', 0.8784177946930828)	('>100', 1.2136436963781638)	('>500', 0.16644750156557175)	('>1k', 0.0822600783682247)	('>5k', 0.0)	('>10k+', 0.0)
NIST7035_L002_R2	(1.0, 55.8614326717731)	(2.0, 17.986465967768304)	(3.0, 8.285451198803855)	(4.0, 4.4785393465392795)	(5.0, 2.5809435911079723)	(6.0, 1.6900838277443209)	(7.0, 1.1477101917734458)	(8.0, 0.7755096783387228)	(9.0, 0.5798642472090901)	('>10', 4.2931946586045076)	('>50', 0.8757470673785273)	('>100', 1.209078158657132)	('>500', 0.14378473180329543)	('>1k', 0.09219466249849734)	('>5k', 0.0)	('>10k+', 0.0)
NIST7035_TAAGGCGA_L001_R1_001	(1.0, 55.21634634370112)	(2.0, 18.082906468718342)	(3.0, 8.307690539030014)	(4.0, 4.408929393633488)	(5.0, 2.7249729078785654)	(6.0, 1.7152446412687878)	(7.0, 1.1684029766633706)	(8.0, 0.8719633519362148)	(9.0, 0.6294221370673938)	('>10', 4.380511755981184)	('>50', 0.8750492690811567)	('>100', 1.3213477384639305)	('>500', 0.20030523296187625)	('>1k', 0.0969072436146385)	('>5k', 0.0)	('>10k+', 0.0)
NIST7035_TAAGGCGA_L001_R2_001	(1.0, 56.38061697866548)	(2.0, 17.835856366312793)	(3.0, 8.095882335721322)	(4.0, 4.318881902345341)	(5.0, 2.5225862954777183)	(6.0, 1.7156135057707338)	(7.0, 1.1011414924523555)	(8.0, 0.8616009138529745)	(9.0, 0.6279094264283431)	('>10', 4.153917631776092)	('>50', 0.9515242611623705)	('>100', 1.167143008857347)	('>500', 0.15938810911931947)	('>1k', 0.10793777205787905)	('>5k', 0.0)	('>10k+', 0.0)
NIST7035_TAAGGCGA_L002_R1_001	(1.0, 55.065311299496244)	(2.0, 17.959579592944074)	(3.0, 8.416007394488592)	(4.0, 4.524718273730901)	(5.0, 2.641340870236302)	(6.0, 1.793209116400819)	(7.0, 1.1753619785173717)	(8.0, 0.8527967999619397)	(9.0, 0.6756530757273979)	('>10', 4.405652165313187)	('>50', 0.903594112994625)	('>100', 1.2997088422115821)	('>500', 0.19752108054592077)	('>1k', 0.08954539743094546)	('>5k', 0.0)	('>10k+', 0.0)
NIST7035_TAAGGCGA_L002_R2_001	(1.0, 56.302555242549545)	(2.0, 17.674356328321235)	(3.0, 8.152957189383772)	(4.0, 4.459271994425762)	(5.0, 2.59033896205719)	(6.0, 1.6784520874580846)	(7.0, 1.1390939024752929)	(8.0, 0.8101763523159621)	(9.0, 0.5804027359697176)	('>10', 4.237334380655382)	('>50', 0.8943825005269126)	('>100', 1.2287306696657123)	('>500', 0.15795250171865957)	('>1k', 0.09399515247681473)	('>5k', 0.0)	('>10k+', 0.0)
NIST7086_CGTACTAG_L001_R1_001	(1.0, 55.196642759255944)	(2.0, 17.893806442900292)	(3.0, 8.269889076494664)	(4.0, 4.574362233778443)	(5.0, 2.7446912921479405)	(6.0, 1.7488182934289938)	(7.0, 1.1539252041118553)	(8.0, 0.8383577680316476)	(9.0, 0.6561565155476292)	('>10', 4.446474445410167)	('>50', 0.8667043748435077)	('>100', 1.3083846967336716)	('>500', 0.20487282859498354)	('>1k', 0.09691406872022533)	('>5k', 0.0)	('>10k+', 0.0)
NIST7086_CGTACTAG_L001_R2_001	(1.0, 56.73186701416269)	(2.0, 17.42515671049659)	(3.0, 8.169150603876588)	(4.0, 4.391742689713288)	(5.0, 2.5177456062274763)	(6.0, 1.650776594313163)	(7.0, 1.1314962030632447)	(8.0, 0.847849428864326)	(9.0, 0.6051556330529466)	('>10', 4.133640388765864)	('>50', 0.8411598917736468)	('>100', 1.2719830877657157)	('>500', 0.1703447611721592)	('>1k', 0.08820821310750651)	('>5k', 0.023723173644743575)	('>10k+', 0.0)
NIST7086_CGTACTAG_L002_R1_001	(1.0, 55.19910472234885)	(2.0, 17.874368024752876)	(3.0, 8.369413272482367)	(4.0, 4.463932791347374)	(5.0, 2.7116667038378988)	(6.0, 1.7806433115533604)	(7.0, 1.084672779420368)	(8.0, 0.8352065391217982)	(9.0, 0.622817356217238)	('>10', 4.537884124172106)	('>50', 0.8953526636104662)	('>100', 1.3282069932417986)	('>500', 0.19452023209088065)	('>1k', 0.10221048580237004)	('>5k', 0.0)	('>10k+', 0.0)
NIST7086_CGTACTAG_L002_R2_001	(1.0, 56.394307863728166)	(2.0, 17.584149746519557)	(3.0, 8.067702961493612)	(4.0, 4.332294143162222)	(5.0, 2.653461968570931)	(6.0, 1.7357298730542525)	(7.0, 1.0712985891596727)	(8.0, 0.7754427909393921)	(9.0, 0.6272192344220778)	('>10', 4.33296786796032)	('>50', 0.8997267627593548)	('>100', 1.257064657328586)	('>500', 0.16610640627737225)	('>1k', 0.07857445823881846)	('>5k', 0.02395267638566109)	('>10k+', 0.0)
NIST7086_L001_R1	(1.0, 55.96083609226758)	(2.0, 17.962967326426632)	(3.0, 8.175323273219183)	(4.0, 4.451192851528212)	(5.0, 2.635255082984429)	(6.0, 1.6294989463330103)	(7.0, 1.1321521130642407)	(8.0, 0.7951778271305254)	(9.0, 0.6278441645323464)	('>10', 4.305102770345492)	('>50', 0.8378236662406595)	('>100', 1.2349216974574722)	('>500', 0.1718704461160924)	('>1k', 0.08003374235407995)	('>5k', 0.0)	('>10k+', 0.0)
NIST7086_L001_R2	(1.0, 56.28057517049284)	(2.0, 17.77433886511095)	(3.0, 8.262473241333053)	(4.0, 4.400304503375004)	(5.0, 2.5493653678384742)	(6.0, 1.6444514330511468)	(7.0, 1.137128262964579)	(8.0, 0.8514439628552697)	(9.0, 0.5865040365352774)	('>10', 4.141587321401087)	('>50', 0.8580818118485335)	('>100', 1.2516805355731428)	('>500', 0.16539298225383617)	('>1k', 0.09667250536677664)	('>5k', 0.0)	('>10k+', 0.0)
NIST7086_L002_R1	(1.0, 55.778103150201034)	(2.0, 18.044078799256845)	(3.0, 8.24887319644612)	(4.0, 4.3883523261056006)	(5.0, 2.6260902764418574)	(6.0, 1.6813300871920764)	(7.0, 1.063803187055903)	(8.0, 0.7910071240320973)	(9.0, 0.6085573161261397)	('>10', 4.387685136734546)	('>50', 0.8791037359045264)	('>100', 1.2527981073928158)	('>500', 0.16010391441244268)	('>1k', 0.09011364269808411)	('>5k', 0.0)	('>10k+', 0.0)
NIST7086_L002_R2	(1.0, 55.78286859656052)	(2.0, 17.981056116392747)	(3.0, 8.20300463604232)	(4.0, 4.356865872790486)	(5.0, 2.656635401917081)	(6.0, 1.732088828197111)	(7.0, 1.088711246275145)	(8.0, 0.7798379101182894)	(9.0, 0.609476356965407)	('>10', 4.404058690795468)	('>50', 0.9019820834292126)	('>100', 1.250969161998925)	('>500', 0.15559539302623185)	('>1k', 0.07211717241073415)	('>5k', 0.024732533080246286)	('>10k+', 0.0)
