Sample	0	1	2	3	4	5	6	7	8	9	10	11	12	13	14	15	16	17	18	19	20	21	22	23	24	25	26	27	28	29	30	31	32	33	34	35	36	37	38	39	40	41	42	43	44	45	46	47	48	49
NIST7035_L001_R1 - polya	(1, 9.949334845073671e-05)	(2, 0.00014138528464052057)	(3, 0.00019375020487775042)	(4, 0.0002984800453522101)	(5, 0.0005864871066569743)	(6, 0.0010472984047445969)	(7, 0.0012619945777172393)	(8, 0.0015918935752117873)	(9, 0.0019322655567537814)	(10, 0.004084463778503928)	(12, 0.007980413844153829)	(14, 0.01287653388633482)	(16, 0.02142510711506259)	(18, 0.0335816233481355)	(20, 0.03906423049697347)	(22, 0.04391845860296467)	(24, 0.048835524613240554)	(26, 0.054666358481656095)	(28, 0.05995783367162817)	(30, 0.06537760291618147)	(32, 0.07097279464352947)	(34, 0.07683766571009921)	(36, 0.08849933344693031)	(38, 0.09594562510466438)	(40, 0.10344951817465942)	(42, 0.11167342889791637)	(44, 0.11950198447338223)	(46, 0.12646913711094565)	(48, 0.13328181323380928)	(50, 0.14189322436682172)	(52, 0.1490750731773578)	(54, 0.15622026654372778)	(56, 0.16622196630903868)	(58, 0.17437256614396351)	(60, 0.18044166039945847)	(62, 0.18679876171625817)	(64, 0.19321084619930695)	(66, 0.20059168170674452)	(68, 0.20803273687245488)	(70, 0.21353628998938773)	(72, 0.21948494492833703)	(74, 0.2257765900948402)	(76, 0.231337744624034)	(78, 0.23694602758144134)	(80, 0.24291301024247366)	(82, 0.24886690167344672)	(84, 0.2544516204167473)	(86, 0.2606961371550369)	(88, 0.26639867696887126)	(90, 0.27054336040564797)
NIST7035_L001_R2 - polya	(1, 9.949334845073671e-05)	(2, 0.00012043931654562865)	(3, 0.00014662177666424357)	(4, 0.0002618246011861492)	(5, 0.0005288856943960215)	(6, 0.001026352436649705)	(7, 0.0012619945777172393)	(8, 0.0016128395433066792)	(9, 0.0020055764450859033)	(10, 0.004223230817132587)	(12, 0.008014451042308027)	(14, 0.012845114934192482)	(16, 0.02128634007643393)	(18, 0.03330147102486632)	(20, 0.038752659221561944)	(22, 0.043646161017731076)	(24, 0.04837733156116479)	(26, 0.05520571716009957)	(28, 0.06072759799911545)	(30, 0.06628351603628554)	(32, 0.07185252530351494)	(34, 0.07771215987806096)	(36, 0.08794426529241567)	(38, 0.09502138426247728)	(40, 0.10347308238876618)	(42, 0.11230180794076312)	(44, 0.1214211588000767)	(46, 0.12954819442089477)	(48, 0.13754693598713164)	(50, 0.1477973691235694)	(52, 0.15655802027925791)	(54, 0.16598632416797116)	(56, 0.17919537529781238)	(58, 0.18983854533602934)	(60, 0.197708992847685)	(62, 0.20608214359361804)	(64, 0.21415419604818703)	(66, 0.22478951134836841)	(68, 0.23550861052092936)	(70, 0.24321934502586146)	(72, 0.25178362773066043)	(74, 0.2608218129636063)	(76, 0.268218357947115)	(78, 0.27582959910359633)	(80, 0.2836948101232283)	(82, 0.29169878818148887)	(84, 0.2989722756024401)	(86, 0.30728520669010034)	(88, 0.3147157888717632)	(90, 0.3200282100298302)
NIST7035_L002_R1 - polya	(1, 4.630045476306668e-05)	(2, 0.00010288989947348152)	(3, 0.00015433484921022227)	(4, 0.00022635777884165933)	(5, 0.0006121949018672151)	(6, 0.0011420778841556448)	(7, 0.0013427131881289338)	(8, 0.001625660411681008)	(9, 0.0019960640497855412)	(10, 0.004244208353281112)	(12, 0.008133446553378713)	(14, 0.013002711045961228)	(16, 0.02137023212064211)	(18, 0.03304309121590859)	(20, 0.038591429045016085)	(22, 0.043458121290111756)	(24, 0.04804186631165536)	(26, 0.05354390368599978)	(28, 0.05850062459313475)	(30, 0.06407468489711061)	(32, 0.06972076813071791)	(34, 0.07530768967212796)	(36, 0.08585390436815982)	(38, 0.09279382808764615)	(40, 0.10043340312355215)	(42, 0.10837393111541808)	(44, 0.11625529741508678)	(46, 0.12319779338205994)	(48, 0.13003997169704645)	(50, 0.13877017966737137)	(52, 0.14649721111782982)	(54, 0.15422938706326195)	(56, 0.16461355016762308)	(58, 0.17306852765685643)	(60, 0.17920848240793644)	(62, 0.18609181668271235)	(64, 0.19268963148644935)	(66, 0.200082270763619)	(68, 0.20765753961235406)	(70, 0.21309527079952756)	(72, 0.21912461890867357)	(74, 0.22532630759943767)	(76, 0.23078204451901907)	(78, 0.2366261908091128)	(80, 0.24268897813558768)	(82, 0.24883922187661506)	(84, 0.25473224086895874)	(86, 0.2611782930709723)	(88, 0.26686296001688214)	(90, 0.27079078192928235)
NIST7035_L002_R2 - polya	(1, 0.00010803439444715559)	(2, 0.00021606878889431118)	(3, 0.0002623692436573779)	(4, 0.00037554813307820754)	(5, 0.0006687843465776298)	(6, 0.0010700549545242077)	(7, 0.0012604012685501487)	(8, 0.0016308049066546821)	(9, 0.0019086076352330822)	(10, 0.004182474413597024)	(12, 0.008164313523220758)	(14, 0.01276606427717222)	(16, 0.02090465532552461)	(18, 0.03271384353759345)	(20, 0.038164435962201135)	(22, 0.04278933694353412)	(24, 0.047470827369577535)	(26, 0.05426413298231415)	(28, 0.060234319399262916)	(30, 0.06557944967691029)	(32, 0.07097859715178123)	(34, 0.07637002788419166)	(36, 0.08655870017955317)	(38, 0.093616947283434)	(40, 0.10194331239832549)	(42, 0.11052947450938752)	(44, 0.11948604025855408)	(46, 0.12783812784831394)	(48, 0.1356757659407064)	(50, 0.14560206899241052)	(52, 0.15450461754435352)	(54, 0.163872742891414)	(56, 0.17701692754915127)	(58, 0.18751426954293324)	(60, 0.19525416223082587)	(62, 0.20398179795366395)	(64, 0.21208180528971377)	(66, 0.22238108422700928)	(68, 0.23317166243429066)	(70, 0.2406877695908285)	(72, 0.24928164844435102)	(74, 0.2580221454046233)	(76, 0.2654842353639375)	(78, 0.27300034252047534)	(80, 0.2813575746052089)	(82, 0.28921321843000924)	(84, 0.296351205205982)	(86, 0.3049399395645308)	(88, 0.31247405245347654)	(90, 0.31771886507913727)
NIST7035_TAAGGCGA_L001_R1_001 - nextera_transposase_sequence	(1, 0.0)	(2, 0.0)	(3, 0.0)	(4, 4.949759446640653e-06)	(5, 9.899518893281305e-06)	(6, 9.899518893281305e-06)	(7, 1.4849278339921959e-05)	(8, 1.4849278339921959e-05)	(9, 2.9698556679843917e-05)	(10, 4.4547835019765876e-05)	(12, 5.9397113359687835e-05)	(14, 9.157054976285207e-05)	(16, 0.00012621886588933662)	(18, 0.00013364350505929763)	(20, 0.00014354302395257892)	(22, 0.0001707667009091025)	(24, 0.00019056573869566515)	(26, 0.0002375884534387513)	(28, 0.0008167103086957077)	(30, 0.0017497399643874706)	(32, 0.0030886498947037674)	(34, 0.00645201143869609)	(36, 0.01433945311691797)	(38, 0.031119137641029783)	(40, 0.05457604765865984)	(42, 0.08602434430289121)	(44, 0.13284164402894183)	(46, 0.1990595259061005)	(48, 0.2775354870528647)	(50, 0.36465620307318686)	(52, 0.4642230892220869)	(54, 0.5881378420890123)	(56, 0.7448571256885487)	(58, 0.920783950820774)	(60, 1.1092138683152137)	(62, 1.3130400125684292)	(64, 1.544196253606271)	(66, 1.816564191796843)	(68, 2.1189746949488004)	(70, 2.438791027194869)	(72, 2.773280921320505)	(74, 3.1349870677634937)	(76, 3.5402585219760905)	(78, 3.989300698975331)	(80, 4.461445878191766)	(82, 4.949855966949862)	(84, 5.459322332393969)	(86, 6.014229964437958)	(88, 6.626141501149186)	(90, 7.108225797334475)
NIST7035_TAAGGCGA_L001_R1_001 - polya	(1, 0.00013859326450593826)	(2, 0.00018314109952570414)	(3, 0.00024253821288539197)	(4, 0.00037123195849804897)	(5, 0.0007375141575494573)	(6, 0.0013314852911463356)	(7, 0.0015888727823716495)	(8, 0.002009602335336105)	(9, 0.0024303318883005607)	(10, 0.005486808346601164)	(12, 0.011025589167392054)	(14, 0.018101270296364866)	(16, 0.030668709531385487)	(18, 0.048425971546208826)	(20, 0.05648417992533981)	(22, 0.06379744950775137)	(24, 0.07119733988047916)	(26, 0.07977279812178409)	(28, 0.08760826732581622)	(30, 0.09619115020629113)	(32, 0.10467998765727984)	(34, 0.113844467272735)	(36, 0.13245308791238056)	(38, 0.14386228343688723)	(40, 0.15493242043929906)	(42, 0.16623024637625636)	(44, 0.1767682842381543)	(46, 0.1855491574964948)	(48, 0.19344649869360997)	(50, 0.20294013731226676)	(52, 0.21065681228957955)	(54, 0.21813342393373025)	(56, 0.22844624774080605)	(58, 0.2367816426489489)	(60, 0.24296389219780307)	(62, 0.24947530074985885)	(64, 0.25595206098578815)	(66, 0.26338164991519575)	(68, 0.2709374577104927)	(70, 0.2765282110054733)	(72, 0.28246792234144213)	(74, 0.2887615414778457)	(76, 0.2943819933295062)	(78, 0.30009401573092953)	(80, 0.3061599459327876)	(82, 0.31229517276689867)	(84, 0.31794532317523905)	(86, 0.32431318870334225)	(88, 0.3301860782867813)	(90, 0.3344354467717223)
NIST7035_TAAGGCGA_L001_R2_001 - nextera_transposase_sequence	(1, 0.0)	(2, 0.0)	(3, 4.949759446640653e-06)	(4, 1.979903778656261e-05)	(5, 2.4748797233203262e-05)	(6, 2.4748797233203262e-05)	(7, 2.4748797233203262e-05)	(8, 2.4748797233203262e-05)	(9, 5.444735391304718e-05)	(10, 6.682175252964881e-05)	(12, 7.177151197628946e-05)	(14, 9.157054976285207e-05)	(16, 0.00012621886588933662)	(18, 0.00012869374561265697)	(20, 0.0001311686253359773)	(22, 0.00015591742256918054)	(24, 0.0001707667009091025)	(26, 0.0002252140548221497)	(28, 0.000796911270909145)	(30, 0.001722516287430947)	(32, 0.0030317276610673997)	(34, 0.006362915768656559)	(36, 0.014161261776838907)	(38, 0.03077017960004162)	(40, 0.05398455140478628)	(42, 0.08511111368498603)	(44, 0.13153985729447534)	(46, 0.19710684580440074)	(48, 0.2751076300442875)	(50, 0.36143143479370043)	(52, 0.4599786704965926)	(54, 0.5824975911995653)	(56, 0.7374720845941608)	(58, 0.9109661029583623)	(60, 1.0967281001110627)	(62, 1.2972948277686651)	(64, 1.524966438156072)	(66, 1.793255774562612)	(68, 2.090540801807573)	(70, 2.4051178136793734)	(72, 2.734425309664376)	(74, 3.0903377626750714)	(76, 3.489125032012569)	(78, 3.930552004103153)	(80, 4.394473157998995)	(82, 4.873852410646695)	(84, 5.373458855273093)	(86, 5.917637883716489)	(88, 6.516920109199614)	(90, 6.988114934602293)
NIST7035_TAAGGCGA_L001_R2_001 - polya	(1, 0.0003959807557312522)	(2, 0.0005692223363636751)	(3, 0.0007028658414229726)	(4, 0.0009800523704348492)	(5, 0.0016284708579447748)	(6, 0.002781764809012047)	(7, 0.0034004847398421286)	(8, 0.004286491680790806)	(9, 0.0050636039139133875)	(10, 0.00955303573201646)	(12, 0.01684403139691814)	(14, 0.026112455960752762)	(16, 0.04452061134280935)	(18, 0.07323416589277178)	(20, 0.0852794055061718)	(22, 0.09597831055008557)	(24, 0.1068653064529717)	(26, 0.12326880925913883)	(28, 0.13669255687842827)	(30, 0.15009650545993114)	(32, 0.16269859301107825)	(34, 0.17581545554467598)	(36, 0.1996708211977606)	(38, 0.21565111957123995)	(40, 0.23234170842531224)	(42, 0.2485793942900169)	(44, 0.26412163895246854)	(46, 0.27736719523167896)	(48, 0.28870461924420937)	(50, 0.3022867591657913)	(52, 0.3135004391921557)	(54, 0.3253699623452)	(56, 0.34207045071816555)	(58, 0.35495962431721784)	(60, 0.36423052376077575)	(62, 0.37417459048907686)	(64, 0.38347023872986796)	(66, 0.3956639711266672)	(68, 0.4080680682999487)	(70, 0.4170518816956015)	(72, 0.42703554649947567)	(74, 0.4374473654954843)	(76, 0.44609954500821214)	(78, 0.4548408201909795)	(80, 0.4640622220400711)	(82, 0.4733677697997555)	(84, 0.4818590821304675)	(86, 0.4917635507831955)	(88, 0.5002647626328008)	(90, 0.506177250291813)
NIST7035_TAAGGCGA_L001_R2_001 - polyg	(1, 0.0009206552570751614)	(2, 0.0011582437105139127)	(3, 0.0018116119574704789)	(4, 0.0021135472837155588)	(5, 0.002925307832964626)	(6, 0.003474731131541738)	(7, 0.004053852986798695)	(8, 0.004786417384901511)	(9, 0.005598177934150578)	(10, 0.006627727899051835)	(12, 0.007991386626601333)	(14, 0.009884669614941383)	(16, 0.011718555489921744)	(18, 0.013515318169052302)	(20, 0.01554719442189829)	(22, 0.01773251321759014)	(24, 0.020029201600831402)	(26, 0.022481807406641845)	(28, 0.02502350888249182)	(30, 0.027404343176325972)	(32, 0.029832200184903214)	(34, 0.032371426781029874)	(36, 0.03481165818822371)	(38, 0.037199917121227825)	(40, 0.03962529925008175)	(42, 0.04206058089782895)	(44, 0.04488194378241412)	(46, 0.047879023127355036)	(48, 0.0507845319225331)	(50, 0.05410087075178233)	(52, 0.05760035068055727)	(54, 0.06114685332407531)	(56, 0.06470573036620994)	(58, 0.06846012290648687)	(60, 0.07198187675277169)	(62, 0.07543433396680355)	(64, 0.07893628877530182)	(66, 0.08225510248427437)	(68, 0.08564568770522321)	(70, 0.08984803347542113)	(72, 0.09378061735577713)	(74, 0.09814383030799087)	(76, 0.10238824903348523)	(78, 0.10694450260411795)	(80, 0.11153787937060047)	(82, 0.11642576682415812)	(84, 0.12139532530858532)	(86, 0.12655544953170822)	(88, 0.1316314278442382)	(90, 0.13554421268680764)
NIST7035_TAAGGCGA_L002_R1_001 - nextera_transposase_sequence	(1, 0.0)	(2, 0.0)	(3, 0.0)	(4, 9.7118447114878e-06)	(5, 1.4567767067231701e-05)	(6, 1.4567767067231701e-05)	(7, 1.94236894229756e-05)	(8, 1.94236894229756e-05)	(9, 4.370330120169511e-05)	(10, 5.5843107091054856e-05)	(12, 8.012271886977435e-05)	(14, 0.00010440233064849386)	(16, 0.00012868194242721337)	(18, 0.0001505335930280609)	(20, 0.0001723852436289085)	(22, 0.0002015207777633719)	(24, 0.00022337242836421942)	(26, 0.00029135534134463407)	(28, 0.0008473584510773106)	(30, 0.001949652825831176)	(32, 0.0032947433183722367)	(34, 0.00647294450020662)	(36, 0.014810563185018897)	(38, 0.03208307900439995)	(40, 0.056297135831316916)	(42, 0.08881239192537807)	(44, 0.13749301354171067)	(46, 0.20525498205493892)	(48, 0.2852635867493533)	(50, 0.3758435344122222)	(52, 0.47958545962033483)	(54, 0.6066819433983979)	(56, 0.7650748467592303)	(58, 0.9434183071186364)	(60, 1.136183856874602)	(62, 1.3408828358198084)	(64, 1.5763780743451425)	(66, 1.8511407290001998)	(68, 2.15568961138539)	(70, 2.4756851827842015)	(72, 2.815383659141444)	(74, 3.1794612936856987)	(76, 3.5864021548641043)	(78, 4.036230522288441)	(80, 4.512416836259755)	(82, 5.002554215159121)	(84, 5.513222433778573)	(86, 6.071816178088039)	(88, 6.683868771611889)	(90, 7.16637992445156)
NIST7035_TAAGGCGA_L002_R1_001 - polya	(1, 9.226252475913411e-05)	(2, 0.0001553895153838048)	(3, 0.00020880466129698773)	(4, 0.00032534679783484134)	(5, 0.0007623798098517924)	(6, 0.001417929327877219)	(7, 0.001660725445664414)	(8, 0.0020637670011911576)	(9, 0.0025008000132081087)	(10, 0.00566443342797526)	(12, 0.011307015205349673)	(14, 0.018430653301225973)	(16, 0.03090794579430993)	(18, 0.048663625888087494)	(20, 0.057127498554149114)	(22, 0.06469302558439811)	(24, 0.0720691716427731)	(26, 0.08052090450294536)	(28, 0.08829766415566923)	(30, 0.09713301488194524)	(32, 0.10589309881170725)	(34, 0.11516062662764448)	(36, 0.13306441235327224)	(38, 0.14439085124804488)	(40, 0.15580226878404307)	(42, 0.1674661942825399)	(44, 0.17827304948524797)	(46, 0.18704041729854357)	(48, 0.19506240103023248)	(50, 0.20457029700277904)	(52, 0.21276709393927473)	(54, 0.22079393359331942)	(56, 0.23156679733953728)	(58, 0.24022490689982862)	(60, 0.24640892401986847)	(62, 0.25335289298858227)	(64, 0.259993366810062)	(66, 0.26744477966495106)	(68, 0.27511470902584856)	(70, 0.2805703377925268)	(72, 0.28666452034898543)	(74, 0.29291894834318355)	(76, 0.2984401320616644)	(78, 0.30439592083098427)	(80, 0.31063092513575946)	(82, 0.31698732749942826)	(84, 0.3229795356864162)	(86, 0.32954231475020407)	(88, 0.335289298858227)	(90, 0.3392978627628936)
NIST7035_TAAGGCGA_L002_R2_001 - nextera_transposase_sequence	(1, 0.0)	(2, 0.0)	(3, 0.0)	(4, 0.0)	(5, 0.0)	(6, 0.0)	(7, 9.7118447114878e-06)	(8, 9.7118447114878e-06)	(9, 3.88473788459512e-05)	(10, 5.5843107091054856e-05)	(12, 6.31269906246707e-05)	(14, 9.954640829274996e-05)	(16, 0.0001359658259608292)	(18, 0.00015538951538380483)	(20, 0.00016995728245103653)	(22, 0.00019666485540762796)	(24, 0.00021608854483060356)	(26, 0.00028407145781101815)	(28, 0.0008279347616543351)	(30, 0.001949652825831176)	(32, 0.0032947433183722367)	(34, 0.006509363917874699)	(36, 0.014829986874441873)	(38, 0.03202966385848677)	(40, 0.05607133544177482)	(42, 0.08833893949569303)	(44, 0.13672334984832527)	(46, 0.20416968340843017)	(48, 0.2837194034402267)	(50, 0.3735418272155996)	(52, 0.4763489873702315)	(54, 0.6019814105580378)	(56, 0.7589466727462815)	(58, 0.9347164942571434)	(60, 1.1248064307950942)	(62, 1.325970298265319)	(64, 1.5576779173531727)	(66, 1.8275895055748417)	(68, 2.1265686450179935)	(70, 2.4408463678429166)	(72, 2.7750139486369667)	(74, 3.133196493441348)	(76, 3.5334798850700295)	(78, 3.975524208958108)	(80, 4.443314633176341)	(82, 4.924980855526112)	(84, 5.426000356424701)	(86, 5.97418543116463)	(88, 6.573556783456455)	(90, 7.045763669057237)
NIST7035_TAAGGCGA_L002_R2_001 - polya	(1, 0.00044674485672843885)	(2, 0.0006798291298041461)	(3, 0.0008546423346109265)	(4, 0.0012042687442244873)	(5, 0.0018452504951826823)	(6, 0.002923265258157828)	(7, 0.0035739588538275108)	(8, 0.004457736722572901)	(9, 0.005074438861752376)	(10, 0.009532175584325276)	(12, 0.017175397372266178)	(14, 0.02642592945995831)	(16, 0.04455551557512816)	(18, 0.0728655429091151)	(20, 0.08512917481854632)	(22, 0.09581463196236077)	(24, 0.10714592677948917)	(26, 0.12401782900452135)	(28, 0.13784021199014634)	(30, 0.15111144778839444)	(32, 0.16370042649566052)	(34, 0.17640351937828655)	(36, 0.2006879870793618)	(38, 0.21669796308624945)	(40, 0.23384179696320329)	(42, 0.25022810695266107)	(44, 0.2658204736369547)	(46, 0.27921067953291856)	(48, 0.29060267337949375)	(50, 0.30400016315899114)	(52, 0.3152561911796055)	(54, 0.32715320095117806)	(56, 0.3439085610396724)	(58, 0.3568981533412874)	(60, 0.36620938445842627)	(62, 0.37656463888205016)	(64, 0.3860579670875295)	(66, 0.3980788028791735)	(68, 0.4106823493535068)	(70, 0.41952983988567216)	(72, 0.42948933663730293)	(74, 0.4397741801867685)	(76, 0.4484759930482616)	(78, 0.4571875177544661)	(80, 0.46686051508710796)	(82, 0.47612561494186734)	(84, 0.48439767867487704)	(86, 0.4946363909619631)	(88, 0.5032410853763413)	(90, 0.5092114419127284)
NIST7035_TAAGGCGA_L002_R2_001 - polyg	(1, 0.0008060831110534875)	(2, 0.0010148877723504751)	(3, 0.001563606998549536)	(4, 0.0018355386504711943)	(5, 0.002782443509841255)	(6, 0.003287459434838621)	(7, 0.0038895938069508644)	(8, 0.004724812452138815)	(9, 0.005574598864393998)	(10, 0.006708456734460199)	(12, 0.008150665674116138)	(14, 0.0099716365575201)	(16, 0.011892153849216812)	(18, 0.013734976383221622)	(20, 0.015585082800760049)	(22, 0.017573583005437175)	(24, 0.019824303017324473)	(26, 0.021968192737385407)	(28, 0.02457339508124201)	(30, 0.026899381889643338)	(32, 0.029324915106337418)	(34, 0.031714028905363414)	(36, 0.03418326542325919)	(38, 0.036684065436467295)	(40, 0.039126594381406476)	(42, 0.041566695365167786)	(44, 0.04412576644664483)	(46, 0.04700047248124521)	(48, 0.04998686473002771)	(50, 0.05297568493998808)	(52, 0.056263144374826705)	(54, 0.05990508614163463)	(56, 0.06341349004365959)	(58, 0.06732493550121131)	(60, 0.07138691455179108)	(62, 0.07556300777773084)	(64, 0.07990663032494376)	(66, 0.08422597326037795)	(68, 0.08859630338054747)	(70, 0.09262429097463704)	(72, 0.09645804167449684)	(74, 0.10085750732880082)	(76, 0.10546577764440178)	(78, 0.11007647592118061)	(80, 0.11490569070396792)	(82, 0.11971790975851013)	(84, 0.12472679366845996)	(86, 0.12985464767612553)	(88, 0.1349266585767)	(90, 0.1389959215108134)
