Sample	fastp-pct_duplication	fastp-after_filtering_q30_rate	fastp-after_filtering_q30_bases	fastp-filtering_result_passed_filter_reads	fastp-after_filtering_gc_content	fastp-pct_surviving_reads	fastp-pct_surviving_bases	fastp-pct_adapter	fastp-before_filtering_read1_mean_length	fastp-before_filtering_read2_mean_length	fastqc-percent_duplicates	fastqc-percent_gc	fastqc-avg_sequence_length	fastqc-median_sequence_length	fastqc-percent_fails	fastqc-total_sequences
NIST7035_L001_R1											29.850938265405674	49.0	98.20802566760823	100	18.181818181818183	19.096754
NIST7035_L001_R2											29.789600671360176	49.0	98.20834865443625	100	18.181818181818183	19.096754
NIST7035_L002_R1											29.830619956213113	49.0	98.18206897594816	100	18.181818181818183	19.438254
NIST7035_L002_R2											29.863595565707584	49.0	98.18248032976625	100	18.181818181818183	19.438254
NIST7035_TAAGGCGA_L001	4.4001	93.7357	3531.661048	38.193508	49.3627	94.52433851167267	92.32235995285637	11.694224947361784	101.0	101.0						
NIST7035_TAAGGCGA_L001_R1_001											30.415447196636975	49.0	101.0	101	18.181818181818183	20.203001999999998
NIST7035_TAAGGCGA_L001_R2_001											29.526723698598943	49.0	101.0	101	18.181818181818183	20.203001999999998
NIST7035_TAAGGCGA_L002	4.4420399999999995	93.5716	3587.569098	38.876508	49.2875	94.3906521552283	92.16726250035933	11.758120680353569	101.0	101.0						
NIST7035_TAAGGCGA_L002_R1_001											30.556718149064565	49.0	101.0	101	18.181818181818183	20.59341
NIST7035_TAAGGCGA_L002_R2_001											29.626957127386675	49.0	101.0	101	18.181818181818183	20.59341
